9.999999999999998890e-01 9.043680688426514266e-12 2.326809007575492278e-11 5.724587470723463412e-17 9.043683238220252113e-12 9.999999999999998890e-01 2.392369995051007534e-10 3.330669073875469621e-16 2.326810010709919303e-11 2.392369993528426003e-10 9.999999000000000526e-01 -3.885780586188047891e-16
9.999978000000000478e-01 5.272628000000020290e-04 -2.066935000000000213e-03 -4.690293999999998326e-02 -5.296506000000011797e-04 9.999991999999998660e-01 -1.154864999999999061e-03 -2.839927999999999897e-02 2.066324000000000025e-03 1.155958000000000983e-03 9.999970999999996391e-01 8.586940999999999047e-01
9.999909999999999632e-01 1.048972000000001964e-03 -4.131347999999999965e-03 -9.374344999999999206e-02 -1.058514000000001717e-03 9.999968000000000190e-01 -2.308103999999997456e-03 -5.676063999999998722e-02 4.128912999999999681e-03 2.312455999999999626e-03 9.999886999999997306e-01 1.716274999999999773e+00
9.999795999999999685e-01 1.566466000000001383e-03 -6.198571000000000809e-03 -1.406428999999999874e-01 -1.587951999999999029e-03 9.999926999999998456e-01 -3.462705999999999423e-03 -8.515762000000003107e-02 6.193101999999999809e-03 3.472479000000000104e-03 9.999746999999997721e-01 2.574964000000000031e+00
9.999637000000000109e-01 2.078471000000000138e-03 -8.263498000000001065e-03 -1.874858000000000080e-01 -2.116663999999999872e-03 9.999871000000000176e-01 -4.615825999999999957e-03 -1.135202000000000155e-01 8.253797000000000217e-03 4.633148999999997866e-03 9.999550999999999856e-01 3.432648000000000366e+00
9.999432999999998684e-01 2.586172000000001164e-03 -1.033094000000000026e-02 -2.343817999999999457e-01 -2.645881000000002703e-03 9.999797999999999742e-01 -5.770162999999999161e-03 -1.419150000000000134e-01 1.031580999999999818e-02 5.797170000000000795e-03 9.999298999999999271e-01 4.291334999999998345e+00
9.999184000000000960e-01 3.088363000000000653e-03 -1.239599000000000083e-02 -2.812195000000000111e-01 -3.174350000000002430e-03 9.999709999999999432e-01 -6.922974999999997013e-03 -1.702742999999999896e-01 1.237424999999999983e-02 6.961758999999999656e-03 9.998990999999998186e-01 5.148986999999999092e+00
9.998890000000000278e-01 3.586305000000000569e-03 -1.446384000000000038e-02 -3.281177999999999040e-01 -3.703403000000001812e-03 9.999604999999999189e-01 -8.077186000000000088e-03 -1.986702999999999664e-01 1.443430000000000060e-02 8.129852999999995916e-03 9.998626999999999931e-01 6.007776999999999923e+00
9.998550999999999966e-01 4.078705000000002780e-03 -1.652912999999999605e-02 -3.749547000000000296e-01 -4.231669000000003872e-03 9.999483999999998485e-01 -9.229793999999997764e-03 -2.270289999999999808e-01 1.649062999999999918e-02 9.298400999999997807e-03 9.998207000000000066e-01 6.865476999999998498e+00
9.998167000000001137e-01 4.566670999999999578e-03 -1.859651999999999139e-02 -4.218367000000000089e-01 -4.760342000000003342e-03 9.999346999999998431e-01 -1.038341999999999911e-02 -2.554150999999999505e-01 1.854787999999999576e-02 1.047003999999999643e-02 9.997730999999997481e-01 7.724035999999999014e+00
9.997737999999999348e-01 5.049868000000000759e-03 -2.066463000000000674e-02 -4.687328999999999524e-01 -5.289072000000001432e-03 9.999194000000001248e-01 -1.153729999999999860e-02 -2.838095999999999397e-01 2.060469999999999663e-02 1.164398999999999816e-02 9.997197999999998252e-01 8.582885999999996685e+00
9.997264000000000150e-01 5.527314999999998792e-03 -2.272922000000000137e-02 -5.155473999999999890e-01 -5.816781000000002637e-03 9.999024999999999164e-01 -1.268907999999999668e-02 -3.121547000000000072e-01 2.265685999999999742e-02 1.281781999999999540e-02 9.996610999999998581e-01 9.440275000000001526e+00
9.996744999999999104e-01 6.000540000000002989e-03 -2.479691999999999660e-02 -5.624310000000000143e-01 -6.345160000000000730e-03 9.998839999999998840e-01 -1.384245999999999914e-02 -3.405415999999999999e-01 2.471098000000000391e-02 1.399529999999999871e-02 9.995965999999999463e-01 1.029895999999999745e+01
9.996182000000001233e-01 6.468771999999998502e-03 -2.686440000000000008e-02 -6.093087000000001474e-01 -6.873365000000001938e-03 9.998638999999999166e-01 -1.499560999999999603e-02 -3.689250000000000029e-01 2.676374000000000114e-02 1.517452999999999684e-02 9.995265999999998208e-01 1.115756999999999621e+01
9.995562000000000058e-01 7.058449999999998233e-03 -2.894212999999999647e-02 -6.562052000000001550e-01 -7.530449000000002426e-03 9.998398999999996706e-01 -1.623192000000000038e-02 -3.973963999999999275e-01 2.882291999999999840e-02 1.644265999999999783e-02 9.994491999999998155e-01 1.201541000000000103e+01
9.995095000000001617e-01 5.595311000000000382e-03 -3.081449999999999814e-02 -7.018788000000001359e-01 -6.093682000000003041e-03 9.998516999999997878e-01 -1.610315000000000010e-02 -4.239119000000000081e-01 3.071982999999999658e-02 1.628302999999999695e-02 9.993952999999998754e-01 1.286964999999999826e+01
9.994226000000000498e-01 7.842767999999999962e-03 -3.306167000000000827e-02 -7.498240999999999934e-01 -8.456089000000001701e-03 9.997939999999998495e-01 -1.845197999999999977e-02 -4.540038999999999603e-01 3.291013999999999051e-02 1.872089000000000045e-02 9.992828999999998629e-01 1.373146000000000022e+01
9.993587000000002663e-01 8.704386000000001455e-03 -3.473399999999999405e-02 -7.992510999999998811e-01 -9.439421000000003392e-03 9.997338000000000058e-01 -2.105421999999999849e-02 -4.840769999999999795e-01 3.454149000000001496e-02 2.136859000000000328e-02 9.991746999999997492e-01 1.460025999999999868e+01
9.992482000000002529e-01 1.235687999999999891e-02 -3.674849000000000171e-02 -8.546641999999999850e-01 -1.320676000000000141e-02 9.996488000000000040e-01 -2.297476999999999506e-02 -5.155070000000000485e-01 3.645169000000000187e-02 2.344281999999999616e-02 9.990603999999998486e-01 1.547957000000000249e+01
9.991826000000002539e-01 1.352279000000000328e-02 -3.809783000000001307e-02 -9.072868000000000599e-01 -1.439161000000000433e-02 9.996403999999998735e-01 -2.262373000000000162e-02 -5.464704999999999702e-01 3.777819000000000316e-02 2.315352000000000382e-02 9.990177999999998448e-01 1.636940000000000239e+01
9.991240999999999595e-01 1.328777000000000083e-02 -3.967996000000000023e-02 -9.609163000000000565e-01 -1.412604000000000116e-02 9.996812999999998839e-01 -2.092051999999999801e-02 -5.783595000000000264e-01 3.938933000000000018e-02 2.146270999999999596e-02 9.989933999999998093e-01 1.726895999999999987e+01
9.990603999999999596e-01 1.351432999999999975e-02 -4.118029000000000134e-02 -1.011589000000000071e+00 -1.432435999999999779e-02 9.997083999999999415e-01 -1.943893999999999830e-02 -6.092403000000000679e-01 4.090557999999999694e-02 2.001054999999999501e-02 9.989626000000000339e-01 1.817317999999999856e+01
9.990174000000000554e-01 1.304821999999999753e-02 -4.235653999999998420e-02 -1.066256000000000315e+00 -1.386115000000000437e-02 9.997241999999997297e-01 -1.895579000000000014e-02 -6.387363000000000346e-01 4.209751999999999938e-02 1.952426999999999288e-02 9.989226999999999412e-01 1.908410999999999902e+01
9.989382999999999457e-01 1.325998999999999928e-02 -4.411963000000000690e-02 -1.118651000000000062e+00 -1.413494000000000902e-02 9.997083999999998305e-01 -1.957869999999999749e-02 -6.686218999999999912e-01 4.384715000000000834e-02 2.018153999999999434e-02 9.988342999999997307e-01 1.999722000000000222e+01
9.989120000000002442e-01 1.152856999999999840e-02 -4.518863000000000046e-02 -1.171840000000000215e+00 -1.247777000000000087e-02 9.997061999999998783e-01 -2.077976999999999602e-02 -6.990778000000000825e-01 4.493579000000000323e-02 2.132101000000000135e-02 9.987622999999999918e-01 2.091368000000000293e+01
9.988799999999999901e-01 1.128892000000000090e-02 -4.595003000000000282e-02 -1.224278999999999895e+00 -1.218132000000000416e-02 9.997416999999999554e-01 -1.918759999999999563e-02 -7.287420999999998372e-01 4.572154999999999275e-02 1.972584000000000490e-02 9.987593999999999639e-01 2.184042000000000172e+01
9.988593000000000055e-01 1.299421000000000256e-02 -4.594913999999999249e-02 -1.280807000000000029e+00 -1.370812000000000246e-02 9.997895999999998340e-01 -1.525609999999999987e-02 -7.604716999999999727e-01 4.574123000000000078e-02 1.586856999999999851e-02 9.988271999999998041e-01 2.277431999999999945e+01
9.988875999999999866e-01 1.379030000000000013e-02 -4.509495000000000170e-02 -1.334840999999999944e+00 -1.432558000000000442e-02 9.998303999999997860e-01 -1.156849999999999719e-02 -7.929672999999999305e-01 4.492775999999999020e-02 1.220163999999999797e-02 9.989156999999997399e-01 2.370953000000000088e+01
9.989649000000001555e-01 1.285173000000000218e-02 -4.363579999999999542e-02 -1.385747000000000284e+00 -1.325687000000000046e-02 9.998715000000000241e-01 -9.007756999999998182e-03 -8.209243999999997765e-01 4.351441999999999116e-02 9.576905999999996144e-03 9.990068000000000836e-01 2.465174999999999628e+01
9.990297999999999679e-01 1.265252999999999864e-02 -4.218320999999999876e-02 -1.436633000000000271e+00 -1.299403000000000537e-02 9.998848999999997433e-01 -7.831284000000002590e-03 -8.456207999999998393e-01 4.207926000000000027e-02 8.371814999999997731e-03 9.990790999999998867e-01 2.559694000000000003e+01
9.990746000000000349e-01 1.289591999999999995e-02 -4.103308999999998735e-02 -1.487044000000000255e+00 -1.333334000000000602e-02 9.998569999999998847e-01 -1.040438000000000127e-02 -8.702126999999998391e-01 4.089304999999999329e-02 1.094185999999999943e-02 9.991035999999999806e-01 2.654470999999999847e+01
9.990966999999999487e-01 1.391009999999999643e-02 -4.015465000000000007e-02 -1.538024999999999975e+00 -1.454998000000000055e-02 9.997710999999998016e-01 -1.568742999999999527e-02 -8.971120999999999679e-01 3.992724000000000967e-02 1.625750999999999932e-02 9.990702999999998557e-01 2.749626999999999555e+01
9.991532999999999110e-01 1.320645000000000152e-02 -3.896502000000000299e-02 -1.586551000000000045e+00 -1.396324999999999997e-02 9.997177999999998788e-01 -1.921474000000000099e-02 -9.254150999999999350e-01 3.870026000000000022e-02 1.974254999999999760e-02 9.990557999999999383e-01 2.845466000000000051e+01
9.992105000000000015e-01 1.079096000000000048e-02 -3.823583999999999317e-02 -1.633363000000000120e+00 -1.148611000000000423e-02 9.997717999999998773e-01 -1.800792999999999838e-02 -9.555629999999999402e-01 3.803278999999998994e-02 1.843289000000000039e-02 9.991063999999998391e-01 2.942292999999999736e+01
9.992215000000000957e-01 9.086311999999999167e-03 -3.839229000000000253e-02 -1.680971000000000215e+00 -9.596057000000001586e-03 9.998678999999999206e-01 -1.311390999999999599e-02 -9.838377000000000372e-01 3.826805999999999958e-02 1.347210999999999721e-02 9.991765999999997483e-01 3.039838999999999558e+01
9.992105000000001125e-01 5.838117000000000306e-03 -3.929762999999999312e-02 -1.728893000000000013e+00 -6.198498000000002804e-03 9.999397999999999342e-01 -9.054939999999999170e-03 -1.011771999999999894e+00 3.924239000000000199e-02 9.291377000000001704e-03 9.991864999999998664e-01 3.137764999999999915e+01
9.991830000000000434e-01 -1.840282999999997464e-03 -4.037463000000000163e-02 -1.768976000000000548e+00 1.460768999999999566e-03 9.999544999999998574e-01 -9.427292000000002045e-03 -1.036362999999999923e+00 4.039013999999999105e-02 9.360610999999999585e-03 9.991400999999997534e-01 3.235714000000000112e+01
9.991063000000000027e-01 -4.894794000000000055e-03 -4.198474999999998736e-02 -1.815834000000000170e+00 4.337365000000000144e-03 9.999013999999999402e-01 -1.335776999999999798e-02 -1.059789000000000092e+00 4.204598999999999837e-02 1.316372999999999675e-02 9.990288999999999975e-01 3.333630999999999744e+01
9.990441999999999378e-01 -4.076713999999998644e-03 -4.352240000000000275e-02 -1.870663000000000187e+00 3.306848000000001120e-03 9.998370000000000868e-01 -1.774633999999999587e-02 -1.088016000000000094e+00 4.358766000000001417e-02 1.758545000000000594e-02 9.988947999999997496e-01 3.432020999999999589e+01
9.989619999999997946e-01 -3.501085999999999174e-03 -4.541813999999999574e-02 -1.929780000000000273e+00 2.639354999999999913e-03 9.998156000000000265e-01 -1.901939999999999881e-02 -1.129879999999999773e+00 4.547634999999998484e-02 1.887977999999999185e-02 9.987869000000000330e-01 3.533097000000000065e+01
9.989126000000000394e-01 -3.564846999999998593e-03 -4.648699999999999360e-02 -1.993748000000000076e+00 2.782575999999997544e-03 9.998535999999998980e-01 -1.688160999999999481e-02 -1.194547999999999943e+00 4.654036999999999064e-02 1.673389999999999600e-02 9.987761999999997808e-01 3.638750999999999891e+01
9.988707999999998366e-01 -2.386256999999985444e-04 -4.750924999999999593e-02 -2.061111999999999611e+00 -4.151975000000037645e-04 9.999052999999999969e-01 -1.375168000000000224e-02 -1.249881000000000020e+00 4.750803000000000664e-02 1.375586999999999817e-02 9.987760999999998335e-01 3.742849999999999966e+01
9.988084999999999880e-01 2.160347999999096576e-06 -4.880145000000000316e-02 -2.126953000000000316e+00 -6.257569000000015981e-04 9.999182999999998156e-01 -1.276297000000000022e-02 -1.305052000000000101e+00 4.879742999999998887e-02 1.277829999999999765e-02 9.987268999999999730e-01 3.847150999999999499e+01
9.987591999999999581e-01 8.809214000000008997e-04 -4.979299000000000225e-02 -2.190967000000000109e+00 -1.403287000000001759e-03 9.999443000000000081e-01 -1.045675999999999897e-02 -1.349142000000000063e+00 4.978100999999998666e-02 1.051365999999999933e-02 9.987047999999997261e-01 3.950365000000000038e+01
9.987569000000000585e-01 4.894212999999978005e-04 -4.984525999999999540e-02 -2.256114999999999426e+00 -8.210333000000044233e-04 9.999775999999998000e-01 -6.632571000000003769e-03 -1.393046999999999702e+00 4.984090000000000048e-02 6.665249999999997566e-03 9.987348999999999810e-01 4.053854999999999364e+01
9.987131999999998566e-01 6.466500000000002628e-03 -5.030150999999998679e-02 -2.329940000000000122e+00 -6.722014000000001849e-03 9.999652999999999459e-01 -4.912120999999998461e-03 -1.426813000000000109e+00 5.026799999999999324e-02 5.243927000000002392e-03 9.987218999999998292e-01 4.156110999999999223e+01
9.987142999999999438e-01 6.952179000000001038e-03 -5.021497999999999934e-02 -2.399728000000000083e+00 -7.192513000000001072e-03 9.999634999999998941e-01 -4.606970999999997901e-03 -1.460730999999999780e+00 5.018111999999999573e-02 4.962218999999999484e-03 9.987277999999998324e-01 4.258303000000000793e+01
9.987083000000001043e-01 6.676282000000001264e-03 -5.037159999999999554e-02 -2.465214000000000016e+00 -7.006772000000002255e-03 9.999549999999999272e-01 -6.387280000000000388e-03 -1.489500999999999964e+00 5.032669000000000031e-02 6.731970999999998054e-03 9.987101000000000450e-01 4.359302000000000987e+01
9.987012999999997920e-01 8.983147999999998093e-03 -5.015068999999999777e-02 -2.535884999999999501e+00 -9.456169999999999853e-03 9.999128999999997713e-01 -9.202712000000000045e-03 -1.522850000000000037e+00 5.006364999999999427e-02 9.664991999999997252e-03 9.986992000000000091e-01 4.459789999999999566e+01
9.986534999999999718e-01 8.808467999999998119e-03 -5.112438999999999872e-02 -2.600016000000000105e+00 -9.296065000000000925e-03 9.999134999999996776e-01 -9.307503000000001692e-03 -1.559884999999999966e+00 5.103797999999998974e-02 9.770224999999996968e-03 9.986488999999998395e-01 4.559881999999999636e+01
9.986012000000000777e-01 6.863745999999999563e-03 -5.242779000000000189e-02 -2.661881000000000608e+00 -7.280160000000003399e-03 9.999433999999999267e-01 -7.755764999999999534e-03 -1.593756000000000173e+00 5.237158999999999565e-02 8.126598000000000502e-03 9.985945000000001626e-01 4.659803000000000139e+01
9.985540000000000527e-01 7.061951000000002941e-03 -5.329344999999999916e-02 -2.728913999999999618e+00 -7.431486000000001035e-03 9.999497000000000524e-01 -6.738977000000000162e-03 -1.629817000000000071e+00 5.324316999999999245e-02 7.125281000000001537e-03 9.985560999999998355e-01 4.759274999999999523e+01
9.985154000000001639e-01 9.830434999999998480e-03 -5.357608999999999982e-02 -2.800793999999999340e+00 -1.032218000000000198e-02 9.999069999999997682e-01 -8.909521999999999581e-03 -1.664528999999999925e+00 5.348351999999998579e-02 9.449317000000000480e-03 9.985239999999998561e-01 4.857855999999999597e+01
9.984686000000001505e-01 1.023790000000000290e-02 -5.436633999999999911e-02 -2.871335999999999444e+00 -1.103255000000000555e-02 9.998362999999999001e-01 -1.433651000000000196e-02 -1.697621000000000047e+00 5.421067000000000247e-02 1.491434999999999809e-02 9.984180999999997530e-01 4.955599999999999028e+01
9.984385000000001176e-01 1.064894999999999731e-02 -5.483887999999999263e-02 -2.937935000000000407e+00 -1.149460000000000412e-02 9.998194999999997501e-01 -1.512828999999999736e-02 -1.729012999999999911e+00 5.466787999999999509e-02 1.573500999999999719e-02 9.983804999999998930e-01 5.053772999999999627e+01
9.984273999999999649e-01 1.026892999999999903e-02 -5.511221000000000175e-02 -3.002463000000000104e+00 -1.093885000000000343e-02 9.998696999999997503e-01 -1.186762999999999880e-02 -1.766742000000000035e+00 5.498315999999999620e-02 1.245182999999999880e-02 9.984095999999998972e-01 5.151844999999999430e+01
9.984355999999999787e-01 7.566176000000000845e-03 -5.540069999999999023e-02 -3.065844000000000236e+00 -8.064009000000003924e-03 9.999289999999998457e-01 -8.767995000000000649e-03 -1.798993999999999982e+00 5.533042999999999295e-02 9.201028999999995989e-03 9.984256000000000242e-01 5.249501000000000062e+01
9.984285000000001631e-01 6.348754999999999329e-03 -5.568045999999999413e-02 -3.130184999999999995e+00 -6.799312000000002666e-03 9.999455999999997680e-01 -7.906115999999999491e-03 -1.830051000000000316e+00 5.562724000000000141e-02 8.272278999999998703e-03 9.984172999999998410e-01 5.346497999999998996e+01
9.984326000000000034e-01 3.282948999999999416e-03 -5.587138000000000521e-02 -3.191519999999999246e+00 -3.779690000000003082e-03 9.999542000000000153e-01 -8.787440000000000528e-03 -1.858398000000000216e+00 5.583997000000000960e-02 8.984842000000001563e-03 9.983992000000000422e-01 5.442804000000000286e+01
9.984067999999999277e-01 -1.460362999999970622e-04 -5.642637999999999820e-02 -3.248810999999999005e+00 -4.508912999999986149e-04 9.999440999999998914e-01 -1.056600000000000074e-02 -1.886486999999999803e+00 5.642476000000000436e-02 1.057460999999999644e-02 9.983507999999998717e-01 5.539177999999999713e+01
9.983366999999999658e-01 -1.591213999999997264e-03 -5.763217999999999119e-02 -3.310922000000000143e+00 1.036801999999995743e-03 9.999528999999999224e-01 -9.648456999999999173e-03 -1.913841000000000125e+00 5.764480999999999078e-02 9.572653999999998151e-03 9.982912000000000452e-01 5.635038999999999731e+01
9.982641000000000986e-01 -4.382862999999999863e-03 -5.873396999999999646e-02 -3.371513999999999900e+00 4.075328999999995594e-03 9.999772999999998468e-01 -5.354817000000002165e-03 -1.938228999999999980e+00 5.875611000000000722e-02 5.106160999999998819e-03 9.982592999999999606e-01 5.731250999999999607e+01
9.982267999999999697e-01 -5.964739999999998758e-03 -5.922693999999999875e-02 -3.438994000000000106e+00 5.986945999999998200e-03 9.999819999999998155e-01 1.974662999999998953e-04 -1.956763000000000474e+00 5.922470000000001206e-02 -5.517038000000002319e-04 9.982444999999998680e-01 5.827399999999999380e+01
9.982022000000000395e-01 -4.407759999999997548e-03 -5.977458999999999550e-02 -3.511312999999999906e+00 4.547913999999995786e-03 9.999871999999998540e-01 2.208853999999999679e-03 -1.975961999999999774e+00 5.976407999999999721e-02 -2.476732000000000586e-03 9.982093999999999134e-01 5.922540000000000049e+01
9.981160999999998396e-01 -2.919496000000001458e-03 -6.128510999999998987e-02 -3.579192999999999181e+00 2.920554000000000552e-03 9.999956999999999319e-01 -7.231076000000063986e-05 -1.998111000000000415e+00 6.128506000000000231e-02 -1.068112000000022411e-04 9.981202000000000130e-01 6.016632999999999498e+01
9.980242000000000280e-01 -1.762043000000002198e-03 -6.280673999999998591e-02 -3.641783999999999910e+00 1.227246999999997501e-03 9.999626999999998711e-01 -8.552513999999998909e-03 -2.021539000000000197e+00 6.281946000000000752e-02 8.458534999999997930e-03 9.979889999999997929e-01 6.109125000000000227e+01
9.979546999999999723e-01 -9.592104999999983813e-04 -6.391830000000001122e-02 -3.703383999999999787e+00 5.024104999999739015e-05 9.998988999999999239e-01 -1.422089000000000165e-02 -2.049159000000000397e+00 6.392546999999998425e-02 1.418859999999999913e-02 9.978537999999997909e-01 6.200631999999998811e+01
9.978643000000001484e-01 4.204985999999999967e-03 -6.518609999999999682e-02 -3.776034999999999364e+00 -5.092497000000003986e-03 9.998964999999998549e-01 -1.345487000000000072e-02 -2.078108999999999984e+00 6.512276999999998262e-02 1.375809000000000060e-02 9.977823999999998472e-01 6.291677999999998860e+01
9.977905000000001356e-01 7.492613000000002133e-03 -6.601518999999998749e-02 -3.843939999999999468e+00 -8.206300000000003175e-03 9.999106999999999301e-01 -1.054641000000000259e-02 -2.112093999999999916e+00 6.593027999999998001e-02 1.106484999999999587e-02 9.977627999999998387e-01 6.381519000000000830e+01
9.976764000000000188e-01 1.025447999999999985e-02 -6.735520999999999869e-02 -3.912602000000000135e+00 -1.087073000000000379e-02 9.999023000000000216e-01 -8.789172000000001345e-03 -2.145353000000000065e+00 6.725849000000001798e-02 9.500949000000001587e-03 9.976903000000000299e-01 6.469786000000000570e+01
9.975908999999999471e-01 1.034502000000000338e-02 -6.859619999999999607e-02 -3.978227999999999653e+00 -1.103350000000000337e-02 9.998924000000000145e-01 -9.665437000000000681e-03 -2.173834999999999962e+00 6.848883000000001442e-02 1.039901000000000020e-02 9.975975999999998622e-01 6.556671999999998945e+01
9.974615999999999483e-01 1.183546999999999898e-02 -7.021660999999999875e-02 -4.046624999999999694e+00 -1.248174000000000679e-02 9.998835999999998725e-01 -8.772233000000000808e-03 -2.201409000000000393e+00 7.010460999999999776e-02 9.626389999999996824e-03 9.974930999999997994e-01 6.642162999999999329e+01
9.973396000000001038e-01 1.318380000000000246e-02 -7.169362999999999431e-02 -4.114441999999999489e+00 -1.380046000000000397e-02 9.998717999999998662e-01 -8.112825000000000591e-03 -2.230821999999999861e+00 7.157747999999999888e-02 9.080645999999997775e-03 9.973937000000000497e-01 6.726454999999999984e+01
9.972258000000000511e-01 1.296774000000000017e-02 -7.329822999999999200e-02 -4.179993999999998877e+00 -1.352349999999999906e-02 9.998834000000000888e-01 -7.090914999999999718e-03 -2.258366000000000096e+00 7.319771999999999390e-02 8.062490999999999755e-03 9.972848000000000823e-01 6.809327999999997871e+01
9.971241000000000687e-01 1.256612000000000007e-02 -7.473753999999999120e-02 -4.244855999999999518e+00 -1.307757000000000537e-02 9.998941999999999553e-01 -6.357728000000000858e-03 -2.283310000000000617e+00 7.464974000000000609e-02 7.316829000000002123e-03 9.971828999999998722e-01 6.890994000000002018e+01
9.969894000000001366e-01 1.489952999999999764e-02 -7.609371999999998970e-02 -4.313021000000000882e+00 -1.525772000000000413e-02 9.998750999999997946e-01 -4.127928000000001194e-03 -2.307844999999999924e+00 7.602271000000000722e-02 5.276516999999997064e-03 9.970920999999999257e-01 6.971423999999998955e+01
9.968772000000002409e-01 1.677181000000000158e-02 -7.716621999999999371e-02 -4.381935000000000358e+00 -1.677976000000000120e-02 9.998589999999999423e-01 5.454461999999994128e-04 -2.329476000000000102e+00 7.716448999999998837e-02 7.510882000000006263e-04 9.970179999999998488e-01 7.050799000000002081e+01
9.966886000000000356e-01 1.928864999999999746e-02 -7.899330999999999714e-02 -4.445509999999999629e+00 -1.916694000000000384e-02 9.998135999999997470e-01 2.298764000000000449e-03 -2.355391000000000012e+00 7.902291999999999650e-02 -7.770901999999997719e-04 9.968723999999999918e-01 7.128436999999999557e+01
9.964961000000001068e-01 2.232345000000000163e-02 -8.060564000000000617e-02 -4.514875000000000860e+00 -2.246982999999999966e-02 9.997470999999999997e-01 -9.091952000000002969e-04 -2.382090999999999958e+00 8.056494999999999629e-02 2.717205000000000314e-03 9.967455999999998983e-01 7.203735000000001776e+01
9.963706999999999425e-01 2.284026999999999585e-02 -8.199948000000001347e-02 -4.580210000000000115e+00 -2.361073000000000338e-02 9.996855999999997300e-01 -8.438420999999999769e-03 -2.409730999999999845e+00 8.178095999999998589e-02 1.034385999999999813e-02 9.965965999999999436e-01 7.276790999999998633e+01
9.962562999999998725e-01 2.164989000000000149e-02 -8.369450999999999974e-02 -4.644342999999999222e+00 -2.291183999999999582e-02 9.996373999999997872e-01 -1.414701999999999800e-02 -2.432981999999999978e+00 8.335788000000002307e-02 1.601164999999999533e-02 9.963909999999998046e-01 7.348065000000001135e+01
9.962035000000000196e-01 2.236697999999999811e-02 -8.413330000000000808e-02 -4.709494000000001179e+00 -2.381956000000000004e-02 9.995832999999998414e-01 -1.630111999999999881e-02 -2.459522999999999904e+00 8.373363999999998419e-02 1.824324999999999905e-02 9.963210999999998485e-01 7.417538999999999305e+01
9.960873000000000088e-01 2.480834000000000164e-02 -8.482127999999998502e-02 -4.775730000000000253e+00 -2.599142999999999940e-02 9.995792999999998374e-01 -1.287206999999999761e-02 -2.490276999999999852e+00 8.446625000000002048e-02 1.502632999999999573e-02 9.963129999999998931e-01 7.485147000000000617e+01
9.959529000000000298e-01 2.606958000000000192e-02 -8.601341999999997934e-02 -4.837514999999999787e+00 -2.697536000000000031e-02 9.995920000000000361e-01 -9.385091000000003389e-03 -2.525955000000000616e+00 8.573366000000000320e-02 1.166734999999999647e-02 9.962497000000000158e-01 7.550744000000001677e+01
9.959074999999999456e-01 2.291063000000000127e-02 -8.742661000000000182e-02 -4.891888999999999932e+00 -2.409575000000000258e-02 9.996311999999999420e-01 -1.252425000000000239e-02 -2.556653999999999982e+00 8.710741999999997709e-02 1.457960999999999979e-02 9.960921999999997611e-01 7.613828000000000884e+01
9.960426000000000002e-01 1.503548999999999511e-02 -8.759638000000001534e-02 -4.937677000000000760e+00 -1.662384000000000084e-02 9.997097999999998708e-01 -1.743139999999999967e-02 -2.585468999999999351e+00 8.730886999999998288e-02 1.881859999999999783e-02 9.960034999999998195e-01 7.675010000000000332e+01
9.961634999999999796e-01 1.044107000000000368e-02 -8.688679000000003316e-02 -4.985836999999999186e+00 -1.249941000000000420e-02 9.996532000000000195e-01 -2.317956999999999310e-02 -2.616741999999999457e+00 8.661462999999999801e-02 2.417666999999999733e-02 9.959483999999998449e-01 7.734408999999999423e+01
9.963973000000001523e-01 1.211154000000000223e-02 -8.393972999999997631e-02 -5.039037999999999684e+00 -1.414998999999999771e-02 9.996182000000001233e-01 -2.373244999999999175e-02 -2.646047999999999956e+00 8.362023999999999846e-02 2.483469000000000301e-02 9.961880999999999098e-01 7.792534000000000560e+01
9.966393999999999531e-01 1.770653999999999978e-02 -7.997748999999999830e-02 -5.092731999999999815e+00 -1.941040999999999947e-02 9.995997999999999273e-01 -2.057726000000000346e-02 -2.675698999999999828e+00 7.958113000000001380e-02 2.206050000000000025e-02 9.965842000000000311e-01 7.849464000000000397e+01
9.970121000000000677e-01 1.664848000000000716e-02 -7.543121999999999328e-02 -5.133801000000000947e+00 -1.801913000000000473e-02 9.996839999999997950e-01 -1.752685999999999827e-02 -2.701839999999999797e+00 7.511558000000000124e-02 1.883368999999999668e-02 9.969968999999999637e-01 7.904953000000000429e+01
9.974632999999999416e-01 1.217037000000000327e-02 -7.013516000000001582e-02 -5.159772000000000247e+00 -1.315774000000000110e-02 9.998204999999998899e-01 -1.363334999999999721e-02 -2.729206999999999717e+00 6.995664999999998135e-02 1.452157999999999748e-02 9.974442999999996173e-01 7.959230000000000871e+01
9.980240000000000222e-01 7.887780999999998224e-03 -6.233725999999999851e-02 -5.183357000000000880e+00 -8.483336000000004512e-03 9.999207999999998320e-01 -9.294846000000004174e-03 -2.756799999999999695e+00 6.225900000000000184e-02 9.805305999999999744e-03 9.980117999999997824e-01 8.012303999999998894e+01
9.985954999999999693e-01 1.068615000000000016e-02 -5.189266999999999491e-02 -5.208268999999999593e+00 -1.122407000000000092e-02 9.998860999999997778e-01 -1.008571999999999941e-02 -2.780022000000000215e+00 5.177897999999998835e-02 1.065399999999999681e-02 9.986016999999999255e-01 8.063455000000000439e+01
9.991826999999998682e-01 1.624761000000000261e-02 -3.701415000000000954e-02 -5.235208999999999335e+00 -1.664973999999999621e-02 9.998053999999997332e-01 -1.058171999999999585e-02 -2.801726999999999634e+00 3.683502000000000998e-02 1.118934999999999721e-02 9.992586999999998332e-01 8.113538000000001205e+01
9.995878000000000263e-01 2.136932999999999888e-02 -1.917552000000000145e-02 -5.248891999999999669e+00 -2.156744000000000022e-02 9.997154999999999792e-01 -1.018472999999999427e-02 -2.822087999999999930e+00 1.895241999999999413e-02 1.059409999999999866e-02 9.997641999999997697e-01 8.162286000000000286e+01
9.997984999999999234e-01 1.993349000000000162e-02 2.394766999999999469e-03 -5.236828000000000038e+00 -1.990872000000000128e-02 9.997521999999997577e-01 -9.958356000000003275e-03 -2.839862999999998916e+00 -2.592678000000000604e-03 9.908670999999997370e-03 9.999474999999997671e-01 8.209700999999999738e+01
9.994836000000001386e-01 1.619024999999999978e-02 2.775763999999999662e-02 -5.207468999999998793e+00 -1.593999999999999931e-02 9.998304999999999554e-01 -9.213406000000000373e-03 -2.859305999999999681e+00 -2.790209999999999912e-02 8.766190000000001828e-03 9.995722000000000218e-01 8.255594000000002097e+01
9.982813999999998744e-01 1.472502000000000186e-02 5.672376999999999281e-02 -5.163542999999998884e+00 -1.430176000000000017e-02 9.998667999999999445e-01 -7.860646999999998386e-03 -2.878003999999999341e+00 -5.683195999999999387e-02 7.035887000000000217e-03 9.983589000000000491e-01 8.300845999999998526e+01
9.959137999999998492e-01 1.420072000000000001e-02 8.918592999999999660e-02 -5.105620000000000047e+00 -1.367049999999999862e-02 9.998850999999999711e-01 -6.553177999999998914e-03 -2.895751000000000186e+00 -8.926873000000003222e-02 5.307183999999999513e-03 9.959933999999998067e-01 8.345454000000000860e+01
9.920007000000000685e-01 1.389449000000000066e-02 1.254661000000000248e-01 -5.029560000000000031e+00 -1.324753000000000389e-02 9.998943000000000136e-01 -5.989348000000001108e-03 -2.911918000000000450e+00 -1.255359999999999532e-01 4.279319999999999652e-03 9.920797999999999561e-01 8.388529999999998665e+01
9.859898999999999747e-01 1.389745000000000043e-02 1.662251999999999619e-01 -4.934649000000000285e+00 -1.302693999999999901e-02 9.998951000000000366e-01 -6.326122999999999469e-03 -2.926166999999999074e+00 -1.662956999999999907e-01 4.072087000000001143e-03 9.860674999999998747e-01 8.431338000000000932e+01
9.775146000000000113e-01 1.346779000000000205e-02 2.104373999999999689e-01 -4.817296999999999052e+00 -1.236226000000000165e-02 9.999019999999999575e-01 -6.568158999999998762e-03 -2.942363999999999091e+00 -2.105052999999999785e-01 3.818987999999999723e-03 9.775851999999997100e-01 8.472869000000000028e+01
9.660755000000001980e-01 1.536344000000000251e-02 2.578024000000000426e-01 -4.680938000000000265e+00 -1.364847999999999929e-02 9.998712000000000710e-01 -8.440597000000002806e-03 -2.961854999999999460e+00 -2.578988999999999865e-01 4.635641999999997979e-03 9.661606999999998724e-01 8.511820000000001585e+01
9.507396999999999654e-01 1.607586999999999558e-02 3.095732999999999957e-01 -4.519192999999998683e+00 -1.319900000000000066e-02 9.998479999999996259e-01 -1.138540000000000038e-02 -2.980545000000000666e+00 -3.097093000000000207e-01 6.738487999999999076e-03 9.508073999999998582e-01 8.550171000000003119e+01
9.313822999999998853e-01 1.599262999999999726e-02 3.636912999999999951e-01 -4.336343999999999532e+00 -1.189395000000000382e-02 9.998379999999998935e-01 -1.350659999999999708e-02 -2.995232999999999368e+00 -3.638483000000000134e-01 8.254080000000000444e-03 9.314215999999997386e-01 8.585373000000001298e+01
9.076306000000001761e-01 1.642663999999999583e-02 4.194483999999999435e-01 -4.130088999999999899e+00 -1.094447000000000128e-02 9.998203999999999425e-01 -1.547307000000000196e-02 -3.006845999999999908e+00 -4.196271999999999225e-01 9.453183999999999892e-03 9.076471999999999873e-01 8.620001000000000602e+01
8.794214000000001308e-01 1.652574999999999877e-02 4.757572999999999941e-01 -3.903865999999998948e+00 -9.195858000000002933e-03 9.998004999999999809e-01 -1.773051000000000488e-02 -3.018352999999999398e+00 -4.759553999999999174e-01 1.121758999999999951e-02 8.793977999999998962e-01 8.652588000000000079e+01
8.470020000000000326e-01 1.463489999999999756e-02 5.313883999999998720e-01 -3.656379999999999963e+00 -4.922887000000002525e-03 9.997939999999998495e-01 -1.968840999999999647e-02 -3.030940999999998997e+00 -5.315669999999997897e-01 1.406014999999999696e-02 8.468994999999998052e-01 8.681210000000000093e+01
8.111527000000000598e-01 1.400216999999999781e-02 5.846668000000000420e-01 -3.393065999999999693e+00 -2.514888000000001581e-03 9.997875999999999985e-01 -2.045480000000000215e-02 -3.048141999999999019e+00 -5.848290000000001543e-01 1.512159000000000073e-02 8.110155999999998366e-01 8.709557999999999822e+01
7.722940999999999834e-01 1.213856999999999957e-02 6.351491999999998583e-01 -3.115393000000000079e+00 -7.665609000000105588e-05 9.998191999999999080e-01 -1.901470999999999717e-02 -3.063358000000000469e+00 -6.352651999999999743e-01 1.463624999999999822e-02 7.721552999999997668e-01 8.734502999999997996e+01
7.306835000000000413e-01 1.139090000000000241e-02 6.826213999999998228e-01 -2.817802999999999614e+00 -2.276654000000001598e-04 9.998647999999999980e-01 -1.644104000000000051e-02 -3.074583999999999762e+00 -6.827163000000000537e-01 1.185777999999999832e-02 7.305871999999996591e-01 8.759400999999999726e+01
6.869081000000000214e-01 1.002390000000000225e-02 7.266751999999997436e-01 -2.508137000000000505e+00 1.642221999999998521e-03 9.998808999999998504e-01 -1.534490999999999460e-02 -3.084459999999999980e+00 -7.267423999999998996e-01 1.173389999999999850e-02 6.868097999999999148e-01 8.782009999999999650e+01
6.415606000000001474e-01 8.605910000000001336e-03 7.670240999999999865e-01 -2.182602000000000153e+00 5.801599999999998772e-03 9.998540000000000205e-01 -1.607085999999999931e-02 -3.093148999999999482e+00 -7.670504000000001321e-01 1.476038999999999997e-02 6.414169999999999039e-01 8.800813000000000841e+01
5.961032000000001663e-01 5.416591000000000114e-03 8.028895999999997590e-01 -1.847638000000000558e+00 1.299441999999999611e-02 9.997811999999998145e-01 -1.639256999999999520e-02 -3.103537999999999464e+00 -8.028026000000000328e-01 2.020474999999999702e-02 5.959022999999999959e-01 8.818798999999999921e+01
5.506434999999998414e-01 6.831839000000001008e-03 8.347126000000000268e-01 -1.511055000000000259e+00 1.267693999999999939e-02 9.997827000000000242e-01 -1.654562000000000394e-02 -3.116572000000000120e+00 -8.346443000000000056e-01 1.969232999999999748e-02 5.504371999999998488e-01 8.834349000000000274e+01
5.045001000000001179e-01 9.750747000000000581e-03 8.633566000000000296e-01 -1.165581999999999896e+00 8.934954999999997899e-03 9.998236999999999819e-01 -1.651313000000000086e-02 -3.127426999999999513e+00 -8.633653999999998385e-01 1.604492000000000071e-02 5.043239999999999945e-01 8.850203999999997961e+01
4.602982999999999936e-01 1.148164000000000129e-02 8.876901000000000375e-01 -8.110713999999998869e-01 8.704639999999996131e-03 9.998098999999999181e-01 -1.744549999999999573e-02 -3.138031000000000237e+00 -8.877215999999999996e-01 1.575714999999999755e-02 4.601107999999999310e-01 8.864158999999997945e+01
4.188672999999999980e-01 9.627241999999999397e-03 9.079964000000000368e-01 -4.500223000000000417e-01 1.561926999999999760e-02 9.997194000000000358e-01 -1.780508000000000438e-02 -3.146259000000000139e+00 -9.079131000000000284e-01 2.164019999999999486e-02 4.185993999999999549e-01 8.874794999999998879e+01
3.806251999999999969e-01 1.378825999999998579e-03 9.247284000000000059e-01 -7.268360999999995409e-02 3.173795999999999562e-02 9.993901999999997843e-01 -1.455374000000000251e-02 -3.150457999999999981e+00 -9.241844999999997423e-01 3.488850999999999758e-02 3.803493999999999486e-01 8.883995000000000175e+01
3.461081999999999215e-01 -2.337057999999998196e-03 9.381916999999999618e-01 3.020916000000000712e-01 3.764494000000000173e-02 9.992261000000000060e-01 -1.139850000000000585e-02 -3.156585999999999448e+00 -9.374390000000001333e-01 3.926326999999999595e-02 3.459283000000000219e-01 8.893047000000001390e+01
3.138408999999999782e-01 1.002431999999999282e-03 9.494751000000000163e-01 6.763449999999999740e-01 3.611653000000000086e-02 9.992630999999998487e-01 -1.299300999999999928e-02 -3.166834999999999845e+00 -9.487883999999998652e-01 3.836946999999999580e-02 3.135733999999999466e-01 8.902314999999998690e+01
2.833111999999999853e-01 8.752363000000006055e-03 9.589880999999998989e-01 1.050890999999999798e+00 2.492262999999999770e-02 9.995534000000000363e-01 -1.648542000000000063e-02 -3.185173999999999950e+00 -9.587041000000000590e-01 2.857099999999999571e-02 2.829664999999999542e-01 8.912503000000000952e+01
2.551133000000000428e-01 1.327092999999999676e-02 9.668200999999999601e-01 1.434582999999999942e+00 1.946153999999999940e-02 9.996326999999999297e-01 -1.885662000000000102e-02 -3.205996999999999542e+00 -9.667153000000002772e-01 2.362637999999999891e-02 2.547613000000000794e-01 8.921055999999998676e+01
2.298762000000000028e-01 1.514276000000000164e-02 9.731020999999998589e-01 1.832910000000000039e+00 2.080733999999999709e-02 9.995739000000000152e-01 -2.047003000000000017e-02 -3.222113999999999923e+00 -9.729974000000001233e-01 2.495323999999999806e-02 2.294631999999999505e-01 8.927715000000002021e+01
2.067350000000000021e-01 1.580711999999999742e-02 9.782692999999997863e-01 2.240743000000000151e+00 2.747049999999999492e-02 9.993814999999999227e-01 -2.195352000000000067e-02 -3.234217000000000564e+00 -9.780111999999999695e-01 3.141209999999999142e-02 2.061728999999999923e-01 8.932949999999998170e+01
1.870148999999999839e-01 2.174817000000000417e-02 9.821163000000000531e-01 2.662749999999999950e+00 3.631699999999999512e-02 9.989183999999999841e-01 -2.903573999999999738e-02 -3.232193000000000094e+00 -9.816854999999998777e-01 4.109761999999999443e-02 1.860227999999999604e-01 8.937210000000001742e+01
1.677054000000000877e-01 2.973015000000000033e-02 9.853887999999999536e-01 3.089762000000000342e+00 3.891920000000000102e-02 9.985662999999997957e-01 -3.675146999999999442e-02 -3.233113999999999599e+00 -9.850685999999998499e-01 4.451394999999998964e-02 1.663079000000000085e-01 8.941898999999999376e+01
1.501195000000000168e-01 3.105637000000000328e-02 9.881799999999998363e-01 3.536770000000000191e+00 3.662396999999999875e-02 9.986457999999998059e-01 -3.694903999999999550e-02 -3.247012999999999483e+00 -9.879892000000001229e-01 4.173783999999999828e-02 1.487787999999999333e-01 8.947221999999999298e+01
1.346624999999999905e-01 2.612444000000000224e-02 9.905471000000000137e-01 4.002127999999999908e+00 3.409387000000000528e-02 9.989382999999999457e-01 -3.098073999999999620e-02 -3.269702999999999804e+00 -9.903047999999998741e-01 3.794351999999999447e-02 1.336288999999999672e-01 8.952058999999999855e+01
1.200338999999999989e-01 2.244059000000000331e-02 9.925161999999999596e-01 4.475771000000000832e+00 3.438478999999999841e-02 9.990506999999998472e-01 -2.674681000000000627e-02 -3.292076999999999476e+00 -9.921740999999999477e-01 3.733796999999999117e-02 1.191484000000000015e-01 8.955606000000001643e+01
1.066450000000000037e-01 2.015680000000000249e-02 9.940928999999997240e-01 4.962461000000000233e+00 3.689253999999999450e-02 9.990257999999998528e-01 -2.421461999999999920e-02 -3.311657999999999102e+00 -9.936123999999999512e-01 3.925696999999999520e-02 1.057974999999999610e-01 8.958341000000000065e+01
