1.000000000 -0.000000000 -0.000000000 0.000000000 -0.000000000 1.000000000 -0.000000000 -0.000000000 0.000000000 0.000000000 1.000000000 -0.000000000
0.999994930 -0.001541498 -0.002786507 -0.007753559 0.001538806 0.999998348 -0.000967738 -0.022852121 0.002787994 0.000963445 0.999995649 0.700672123
0.999978624 -0.000678443 -0.006503222 -0.015167846 0.000666741 0.999998155 -0.001801294 -0.030761449 0.006504431 0.001796919 0.999977231 1.427608232
0.999941921 -0.000813884 -0.010746769 -0.022183455 0.000786269 0.999996379 -0.002573568 -0.029074498 0.010748824 0.002564969 0.999938940 2.132165053
0.999881738 0.001126125 -0.015337615 -0.040049853 -0.001176825 0.999993872 -0.003297028 -0.033258755 0.015333806 0.003314688 0.999876936 2.870511365
0.999800295 -0.000149221 -0.019983684 -0.065455899 0.000087411 0.999995210 -0.003093862 -0.046586555 0.019984047 0.003091498 0.999795519 3.612524066
0.999696677 0.000769804 -0.024616271 -0.076996025 -0.000872269 0.999991000 -0.004152001 -0.061407857 0.024612850 0.004172214 0.999688352 4.375517576
0.999561792 0.003932647 -0.029338673 -0.125078318 -0.004075331 0.999980151 -0.004805141 -0.077522997 0.029319189 0.004922600 0.999557979 5.146407658
0.999410151 0.005333792 -0.033924940 -0.155005382 -0.005477902 0.999976358 -0.004156396 -0.080138806 0.033901965 0.004339783 0.999415741 5.950812708
0.999246207 0.006143451 -0.038331149 -0.206590275 -0.006229573 0.999978332 -0.002127801 -0.102049208 0.038317242 0.002364984 0.999262826 6.762325109
0.999115981 0.005128425 -0.041724774 -0.229762373 -0.005118581 0.999986841 0.000342719 -0.099407681 0.041725977 -0.000128845 0.999129084 7.566469288
0.999009044 0.005038282 -0.044221553 -0.273896654 -0.005023665 0.999987284 0.000441636 -0.115821354 0.044223209 -0.000219044 0.999021651 8.372878198
0.998909272 0.004373267 -0.046488085 -0.316383965 -0.004380989 0.999990401 -0.000064241 -0.118142470 0.046487351 0.000267834 0.998918843 9.203152861
0.998836905 0.003159584 -0.048112940 -0.348371388 -0.003176655 0.999994916 -0.000278369 -0.132549640 0.048111810 0.000430883 0.998841863 10.035339585
0.998715118 0.002879475 -0.050594686 -0.398300452 -0.002871377 0.999995851 0.000232737 -0.147046074 0.050595139 -0.000087161 0.998719242 10.881045363
0.998646687 -0.000031188 -0.052007637 -0.446336016 0.000030574 0.999999999 -0.000012610 -0.158905713 0.052007631 0.000011003 0.998646687 11.759216707
0.998549121 0.001678776 -0.053822262 -0.502210974 -0.001773672 0.999996956 -0.001715420 -0.165124278 0.053819211 0.001808394 0.998549058 12.607501156
0.998464805 0.003837380 -0.055256756 -0.556283702 -0.004065248 0.999983689 -0.004012014 -0.183025063 0.055240451 0.004230488 0.998464118 13.491859651
0.998372818 0.006891200 -0.056605898 -0.619951273 -0.007221610 0.999958049 -0.005634565 -0.193308086 0.056564686 0.006034183 0.998380701 14.376279312
0.998294436 0.007571716 -0.057886867 -0.680885995 -0.007909968 0.999952943 -0.005616449 -0.208449645 0.057841609 0.006064754 0.998307351 15.252444534
0.998210122 0.007877847 -0.059283163 -0.733799044 -0.008149712 0.999957348 -0.004345508 -0.227668735 0.059246394 0.004820872 0.998231748 16.168871828
0.998147489 0.007193798 -0.060413907 -0.801425962 -0.007424748 0.999965959 -0.003599213 -0.258788968 0.060385950 0.004041103 0.998166923 17.075936910
0.998066091 0.007512636 -0.061706069 -0.863743627 -0.007722574 0.999965173 -0.003164456 -0.274458745 0.061680139 0.003634866 0.998089349 17.986405917
0.997988198 0.007198804 -0.062989950 -0.918701147 -0.007443696 0.999965619 -0.003654005 -0.275342693 0.062961471 0.004115532 0.998007472 18.886343889
0.997897855 0.006991748 -0.064428147 -0.973241028 -0.007254498 0.999966293 -0.003845173 -0.296003598 0.064399082 0.004304484 0.997914941 19.796383928
0.997874199 0.006614382 -0.064833124 -1.039976304 -0.006812287 0.999972786 -0.002831954 -0.313425116 0.064812619 0.003267596 0.997892102 20.733903839
0.997900473 0.006862437 -0.064401498 -1.117199911 -0.006850467 0.999976453 0.000406667 -0.315764877 0.064402764 0.000035368 0.997923986 21.670395698
0.997924040 0.006897721 -0.064031499 -1.179153894 -0.006639570 0.999968954 0.004243512 -0.322901145 0.064058773 -0.003809561 0.997938856 22.614423256
0.998034854 0.007182297 -0.062248258 -1.225660085 -0.006762187 0.999952936 0.006956968 -0.334368965 0.062295287 -0.006522363 0.998036450 23.548690219
0.998143474 0.005518338 -0.060656029 -1.287569114 -0.005056043 0.999957012 0.007772406 -0.342594521 0.060696304 -0.007451297 0.998128467 24.497870159
0.998232281 0.006326797 -0.059095566 -1.341079847 -0.005991358 0.999964930 0.005851659 -0.351102864 0.059130508 -0.005487253 0.998235179 25.425689599
0.998255276 0.009028906 -0.058351382 -1.417941155 -0.008988744 0.999959148 0.000950693 -0.365927000 0.058357574 -0.000424529 0.998295654 26.392624326
0.998308827 0.008776802 -0.057466976 -1.467853213 -0.008894061 0.999958854 -0.001785048 -0.386224941 0.057448937 0.002293144 0.998345812 27.343377326
0.998369850 0.007315933 -0.056604948 -1.514414689 -0.007391308 0.999972054 -0.001122379 -0.402387437 0.056595147 0.001538935 0.998396024 28.302539857
0.998403335 0.003470005 -0.056380319 -1.575449271 -0.003263765 0.999987644 0.003749670 -0.402851663 0.056392626 -0.003559671 0.998402324 29.292348631
0.998364107 -0.000319715 -0.057175242 -1.639682746 0.000720179 0.999975354 0.006983700 -0.404298279 0.057171592 -0.007013453 0.998339732 30.261668719
0.998250506 -0.010599276 -0.058168579 -1.675565798 0.010999982 0.999917896 0.006572851 -0.424504869 0.058094128 -0.007201205 0.998285137 31.241345537
0.998172632 -0.010024481 -0.059589493 -1.737547784 0.010229645 0.999942749 0.003138908 -0.445058325 0.059554607 -0.003742752 0.998218032 32.234631399
0.998096640 -0.008985683 -0.061011112 -1.807848240 0.008957559 0.999959611 -0.000734436 -0.465825124 0.061015239 0.000186527 0.998136817 33.224764381
0.997984808 -0.006749448 -0.063093328 -1.863818653 0.006642983 0.999976136 -0.001897019 -0.475008339 0.063104617 0.001474068 0.998005829 34.211575339
0.997900144 -0.010537722 -0.063908217 -1.927019175 0.010541972 0.999944395 -0.000270671 -0.502220532 0.063907507 -0.000403616 0.997955744 35.217764079
0.997853008 -0.008805320 -0.064898704 -1.999873168 0.008967103 0.999957370 0.002202016 -0.492396538 0.064876539 -0.002779242 0.997889428 36.236442278
0.997801869 -0.005619695 -0.066029166 -2.077758810 0.005859696 0.999976909 0.003441682 -0.511159552 0.066008291 -0.003821028 0.997811758 37.244111170
0.997718549 -0.007279687 -0.067117086 -2.152355800 0.007705069 0.999951824 0.006081243 -0.510954211 0.067069574 -0.006584511 0.997726574 38.226047352
0.997704169 -0.006406095 -0.067419242 -2.214099752 0.007028998 0.999934739 0.009006110 -0.533429807 0.067357139 -0.009459324 0.997684086 39.247415107
0.997690090 -0.002832080 -0.067870939 -2.285185637 0.003606944 0.999929682 0.011296920 -0.528908768 0.067834164 -0.011515633 0.997630150 40.265906059
0.997705610 -0.002067537 -0.067670092 -2.370145657 0.002828806 0.999933771 0.011155827 -0.545214919 0.067642536 -0.011321657 0.997645381 41.255298374
0.997707028 -0.001121011 -0.067671486 -2.441372975 0.001794799 0.999949415 0.009896785 -0.549337264 0.067656959 -0.009995549 0.997658571 42.265117144
0.997721213 0.001894161 -0.067444753 -2.509984374 -0.001384830 0.999970178 0.007597761 -0.559776223 0.067457124 -0.007487048 0.997694081 43.259314814
0.997670432 0.001970169 -0.068189644 -2.578145799 -0.001457227 0.999970276 0.007571200 -0.576052488 0.068202524 -0.007454195 0.997643649 44.232422298
0.997587840 -0.000060565 -0.069415410 -2.656451192 0.000659657 0.999962736 0.008607645 -0.589152935 0.069412293 -0.008632673 0.997550705 45.230244368
0.997527622 -0.001470895 -0.070260087 -2.728184662 0.002128556 0.999954615 0.009286434 -0.581377675 0.070243230 -0.009413028 0.997485480 46.232903301
0.997505933 0.001208975 -0.070572322 -2.812274779 -0.000693532 0.999972911 0.007327790 -0.616824304 0.070579260 -0.007260570 0.997479750 47.207572702
0.997439671 0.004251089 -0.071386494 -2.891490941 -0.004112150 0.999989354 0.002093126 -0.616692691 0.071394622 -0.001794215 0.997446534 48.196081854
0.997414307 0.004907924 -0.071698067 -2.976179492 -0.004853903 0.999987789 0.000927650 -0.644713096 0.071701734 -0.000577236 0.997425951 49.161015359
0.997395153 0.004631096 -0.071982375 -3.020550159 -0.004343772 0.999981964 0.004147615 -0.652359737 0.072000275 -0.003824136 0.997397281 50.146629403
0.997391914 0.001913380 -0.072150605 -3.114669658 -0.001355980 0.999968865 0.007773684 -0.667506214 0.072163223 -0.007655575 0.997363455 51.119964216
0.997373216 0.001748333 -0.072412797 -3.178234665 -0.001166623 0.999966718 0.008074749 -0.667986212 0.072424494 -0.007969060 0.997342061 52.068209609
0.997364828 -0.000939523 -0.072543210 -3.256110862 0.001474741 0.999972087 0.007324710 -0.689903880 0.072534294 -0.007412391 0.997338374 53.052987087
0.997338278 -0.003981037 -0.072804613 -3.308544580 0.004432213 0.999971957 0.006036583 -0.703522514 0.072778529 -0.006343201 0.997327954 54.029929487
0.997265571 -0.004345519 -0.073773284 -3.383031850 0.004875839 0.999963543 0.007009945 -0.708327090 0.073740123 -0.007350484 0.997250402 54.972851415
0.997184318 -0.006198738 -0.074732942 -3.448803676 0.007020329 0.999917723 0.010736031 -0.731542415 0.074660233 -0.011230453 0.997145790 55.925351046
0.997084636 -0.009990579 -0.075646663 -3.519156784 0.011201452 0.999815572 0.015599656 -0.737191695 0.075476852 -0.016401531 0.997012655 56.879158414
0.997053851 -0.008957225 -0.076179970 -3.587279790 0.010377481 0.999779268 0.018268075 -0.718409243 0.075999513 -0.019004812 0.996926723 57.835922002
0.996953277 -0.009038554 -0.077475597 -3.684945013 0.010221505 0.999836954 0.014885785 -0.732363292 0.077328408 -0.015632350 0.996883116 58.780463913
0.996833854 -0.007651205 -0.079143719 -3.774861968 0.008245570 0.999940185 0.007185896 -0.737133552 0.079083993 -0.007815730 0.996837316 59.713134548
0.996810885 -0.005241147 -0.079627824 -3.834611712 0.005440593 0.999982582 0.002287993 -0.765842417 0.079614434 -0.002713920 0.996822038 60.600766713
0.996732694 -0.001509579 -0.080756783 -3.927692375 0.001742139 0.999994536 0.002809384 -0.769701094 0.080752090 -0.002940895 0.996729878 61.530279729
0.996652220 0.000762086 -0.081754347 -4.005499194 -0.000365592 0.999988101 0.004864684 -0.780721920 0.081757070 -0.004818509 0.996640639 62.405274823
0.996571104 0.002536035 -0.082701899 -4.079657165 -0.001983626 0.999975177 0.006760995 -0.795216560 0.082716982 -0.006573763 0.996551396 63.301932372
0.996466675 0.005154376 -0.083830773 -4.153528884 -0.004641106 0.999969281 0.006316411 -0.816809904 0.083860744 -0.005905026 0.996459987 64.183812034
0.996374910 0.003283477 -0.085007403 -4.248262960 -0.002677272 0.999970176 0.007244220 -0.814178807 0.085028643 -0.006990371 0.996353985 65.050929623
0.996212281 0.004210082 -0.086852557 -4.327899053 -0.003565507 0.999964951 0.007575279 -0.834098723 0.086881393 -0.007236913 0.996192376 65.875905134
0.996099074 0.005523100 -0.088068901 -4.403334573 -0.004849903 0.999957379 0.007856114 -0.846233443 0.088108525 -0.007398343 0.996083406 66.692137622
0.996002010 0.006329272 -0.089106323 -4.479278025 -0.005576076 0.999946615 0.008699158 -0.859949147 0.089156613 -0.008167516 0.995984131 67.505030948
0.995871373 0.008453769 -0.090381107 -4.555518536 -0.007446648 0.999906438 0.011474443 -0.848102265 0.090469640 -0.010754034 0.995841149 68.309607389
0.995729763 0.011027736 -0.091654951 -4.642301638 -0.009673541 0.999837586 0.015206054 -0.862810613 0.091807741 -0.014254493 0.995674719 69.118323735
0.995565260 0.014263952 -0.092985774 -4.713517310 -0.012722527 0.999772003 0.017148756 -0.864514679 0.093209170 -0.015889693 0.995519747 69.871169975
0.995397300 0.016131947 -0.094466798 -4.787916739 -0.014816660 0.999783510 0.014608186 -0.887665531 0.094681993 -0.013141267 0.995420829 70.633184036
0.995219186 0.017963603 -0.096000429 -4.878607764 -0.017376560 0.999824878 0.006947550 -0.900329263 0.096108407 -0.005246178 0.995357047 71.352005700
0.995084809 0.016557432 -0.097632353 -4.958062464 -0.016533629 0.999862756 0.001052857 -0.911538947 0.097636373 0.000566536 0.995221993 72.090553720
0.995028552 0.018562551 -0.097844843 -5.027809740 -0.018637697 0.999826292 0.000145961 -0.913098978 0.097830543 0.001678367 0.995201671 72.777394851
0.994954569 0.019671892 -0.098378980 -5.104445972 -0.019488475 0.999806090 0.002825059 -0.940239041 0.098415464 -0.000893549 0.995145013 73.455682756
0.994842156 0.018727718 -0.099691322 -5.164986548 -0.018250193 0.999817204 0.005699886 -0.941420481 0.099779831 -0.003851101 0.995002087 74.104313712
0.994756015 0.017394311 -0.100786459 -5.228101638 -0.017253932 0.999848576 0.002264399 -0.960463094 0.100810571 -0.000513562 0.994905505 74.732329396
0.994860517 0.010835958 -0.100673412 -5.284954919 -0.011130775 0.999935249 -0.002367201 -0.975914043 0.100641229 0.003475608 0.994916711 75.343184609
0.994981936 0.007152848 -0.099798719 -5.345740547 -0.007879464 0.999945229 -0.006888566 -0.994998005 0.099743967 0.007640360 0.994983801 75.935089113
0.995288639 0.007940162 -0.096630637 -5.407232074 -0.008713865 0.999933247 -0.007587463 -1.005792420 0.096563928 0.008393743 0.995291390 76.518299945
0.995618453 0.013124803 -0.092583134 -5.485666155 -0.013673370 0.999892504 -0.005293300 -1.011139304 0.092503696 0.006536031 0.995690888 77.073434798
0.996044164 0.012023756 -0.088042345 -5.515164400 -0.012279937 0.999921793 -0.002368704 -1.023004645 0.088006967 0.003440489 0.996113917 77.636574447
0.996563801 0.008408100 -0.082400825 -5.561760871 -0.008260814 0.999963614 0.002128185 -1.042161164 0.082415710 -0.001440174 0.996596998 78.193255130
0.997239089 0.002926096 -0.074199985 -5.592521837 -0.002542276 0.999982899 0.005266686 -1.057123705 0.074214117 -0.005063508 0.997229475 78.723950142
0.997963251 0.005393497 -0.063563038 -5.628994897 -0.005060989 0.999972661 0.005390984 -1.069034651 0.063590368 -0.005058312 0.997963265 79.230241244
0.998759550 0.011227763 -0.048510806 -5.655431648 -0.010986625 0.999925944 0.005234553 -1.081298510 0.048565980 -0.004695090 0.998808941 79.729773748
0.999409735 0.016522587 -0.030119539 -5.663603198 -0.016362712 0.999850737 0.005546680 -1.075106728 0.030206685 -0.005050569 0.999530914 80.229822937
0.999844765 0.015473584 -0.008427050 -5.654997318 -0.015425925 0.999864817 0.005691063 -1.084455786 0.008513970 -0.005560185 0.999948297 80.703643993
0.999770448 0.011700626 0.017948453 -5.635436710 -0.011813787 0.999910919 0.006211900 -1.090266534 -0.017874168 -0.006422514 0.999819616 81.177611601
0.998837246 0.010729681 0.047000315 -5.594799126 -0.011099399 0.999909423 0.007612414 -1.099897135 -0.046914373 -0.008125238 0.998865868 81.636609792
0.996746497 0.009612751 0.080025104 -5.530366447 -0.010366204 0.999905720 0.009005109 -1.104237946 -0.079930985 -0.009805368 0.996752172 82.080182064
0.993020478 0.009140648 0.117587330 -5.455776573 -0.010350353 0.999899567 0.009681185 -1.114467106 -0.117487012 -0.010830686 0.993015356 82.527679891
0.987225853 0.009195499 0.159061501 -5.384173581 -0.010897034 0.999892322 0.009828445 -1.123080140 -0.158953975 -0.011436195 0.987219755 82.949097021
0.978888478 0.008913587 0.204200640 -5.272745864 -0.011090284 0.999893204 0.009517691 -1.128355220 -0.204093968 -0.011581402 0.978882791 83.368040351
0.967493879 0.009189563 0.252727433 -5.127279801 -0.011581798 0.999901089 0.007979616 -1.126412053 -0.252629072 -0.010647269 0.967504615 83.785224394
0.952085543 0.009131843 0.305695504 -4.989040361 -0.011532479 0.999915208 0.006047982 -1.143565225 -0.305614313 -0.009283625 0.952110127 84.144811154
0.932576997 0.009100278 0.360856408 -4.785532440 -0.011295230 0.999928310 0.003974012 -1.142811444 -0.360794325 -0.007782029 0.932612931 84.546585844
0.908550021 0.009127430 0.417676396 -4.602086586 -0.011124623 0.999935364 0.002347364 -1.152645637 -0.417627918 -0.006779192 0.908592836 84.873298693
0.879841245 0.009020925 0.475182108 -4.371711647 -0.010388390 0.999946007 0.000251900 -1.139324890 -0.475154116 -0.005158010 0.879887454 85.201427566
0.846815837 0.007861786 0.531828137 -4.071615130 -0.008085226 0.999965493 -0.001908163 -1.170762597 -0.531824716 -0.002684089 0.846850182 85.540400475
0.810276264 0.007690448 0.585997677 -3.831925825 -0.007027921 0.999969505 -0.003405567 -1.178072501 -0.586005919 -0.001358896 0.810305604 85.794204385
0.770751057 0.006910304 0.637098980 -3.514978781 -0.006385444 0.999974742 -0.003121242 -1.200097714 -0.637104371 -0.001662460 0.770775715 86.109975156
0.728364754 0.007001436 0.685153871 -3.243204513 -0.007259757 0.999970520 -0.002500865 -1.196254340 -0.685151091 -0.003152510 0.728394112 86.318113882
0.683259517 0.006200604 0.730149338 -2.941709948 -0.006633546 0.999975388 -0.002284486 -1.198961706 -0.730145435 -0.003282584 0.683283834 86.535290261
0.636636918 0.002092694 0.771160900 -2.594411391 -0.001865197 0.999997572 -0.001173861 -1.202141637 -0.771161381 -0.000691045 0.636639276 86.766617344
0.590011284 0.000718145 0.807394733 -2.290275917 0.001920065 0.999995529 -0.002292560 -1.238607508 -0.807392661 0.002902886 0.590007268 86.912196136
0.544215602 0.001566055 0.838943991 -1.938426538 0.001816476 0.999993714 -0.003045017 -1.233312325 -0.838943374 0.003181066 0.544209337 87.121361520
0.497921999 0.004097830 0.867212195 -1.630781859 -0.001455529 0.999991376 -0.003889537 -1.225610244 -0.867220539 0.000674433 0.497923670 87.254793055
0.454169368 0.006969246 0.890888164 -1.276651483 -0.002636724 0.999975539 -0.006478428 -1.242648979 -0.890911402 0.000593276 0.454176636 87.397536727
0.413052785 0.003330378 0.910701058 -0.900200458 0.004573575 0.999973117 -0.005731207 -1.223608795 -0.910695540 0.006532449 0.413026450 87.535570226
0.374838044 -0.004771541 0.927078092 -0.573944009 0.018563453 0.999824900 -0.002359654 -1.268133611 -0.926904377 0.018094258 0.374860986 87.596288793
0.340081105 -0.009038608 0.940352734 -0.207774634 0.024886753 0.999690092 0.000608592 -1.267590745 -0.940066685 0.023195356 0.340200653 87.698400886
0.307322424 -0.005560914 0.951589263 0.175412262 0.022355219 0.999749142 -0.001377425 -1.280477949 -0.951342762 0.021696300 0.307369646 87.810269306
0.276717389 0.002241549 0.960948795 0.523196089 0.011834653 0.999913491 -0.005740378 -1.268951227 -0.960878402 0.012960957 0.276666923 87.898849061
0.248706988 0.006874221 0.968554441 0.905630120 0.006123457 0.999943671 -0.008669394 -1.266599594 -0.968559348 0.008087039 0.248650885 87.998285538
0.222605543 0.008290736 0.974873409 1.295047490 0.007456068 0.999920116 -0.010206284 -1.276452081 -0.974880019 0.009540697 0.222525945 88.088371163
0.199699702 0.009126957 0.979814705 1.695572891 0.014425471 0.999820864 -0.012253422 -1.289726713 -0.979750890 0.016581293 0.199532268 88.129103787
0.179685633 0.015329112 0.983604708 2.108044578 0.021443668 0.999579960 -0.019495425 -1.314079482 -0.983490271 0.024595141 0.179281446 88.195835466
0.160152357 0.023521422 0.986812088 2.540353703 0.024381288 0.999316779 -0.027776383 -1.294127924 -0.986791084 0.028508204 0.159469456 88.248653670
0.142237109 0.023384667 0.989556413 2.972956727 0.021242887 0.999418526 -0.026671137 -1.310362925 -0.989604574 0.024814661 0.141657644 88.321135814
0.126448795 0.018887285 0.991793378 3.412605209 0.018805219 0.999593404 -0.021433397 -1.319619248 -0.991794804 0.021361119 0.126042203 88.367127042
0.111729792 0.015939767 0.993610844 3.896983254 0.019409759 0.999645599 -0.018219171 -1.338852460 -0.993548983 0.021321372 0.111380808 88.393286393
0.098365125 0.014104609 0.995050499 4.384221666 0.020743328 0.999653246 -0.016220420 -1.354824518 -0.994934110 0.022236182 0.098038440 88.447049334
0.086484169 0.013208933 0.996165722 4.874990609 0.024862166 0.999572071 -0.015412559 -1.371337911 -0.995942884 0.026099780 0.086118758 88.473084190
0.075912455 0.013716988 0.997020199 5.388607014 0.027418363 0.999498559 -0.015838700 -1.386743257 -0.996737377 0.028539017 0.075498292 88.507140172
0.068179008 0.013940156 0.997575776 5.917018582 0.030567019 0.999403773 -0.016054793 -1.398251731 -0.997204666 0.031587519 0.067712250 88.526467680
0.061821116 0.014179117 0.997986591 6.467371251 0.030601545 0.999402072 -0.016094865 -1.414030071 -0.997617944 0.031534935 0.061350249 88.574294312
0.055881905 0.015319153 0.998319924 7.013583427 0.032781701 0.999315051 -0.017169409 -1.426098221 -0.997899012 0.033686086 0.055341442 88.595121499
0.049915916 0.016126554 0.998623287 7.592890546 0.031958437 0.999331833 -0.017735429 -1.429838507 -0.998241917 0.032799721 0.049367185 88.610692242
0.045437828 0.015979563 0.998839422 8.229624335 0.034616328 0.999246380 -0.017560790 -1.444492826 -0.998367157 0.035374079 0.044850432 88.639167081
0.042172621 0.015838389 0.998984859 8.834715427 0.034570763 0.999252471 -0.017302051 -1.465235201 -0.998511992 0.035265343 0.041593551 88.646491046
0.038620524 0.015732842 0.999130155 9.479143027 0.034388631 0.999262846 -0.017064193 -1.477142065 -0.998661976 0.035017748 0.038051024 88.690172784
0.035659241 0.015269410 0.999247416 10.127023282 0.036536961 0.999194878 -0.016572468 -1.490568096 -0.998695817 0.037100427 0.035072634 88.693586518
0.034714855 0.014825356 0.999287357 10.823604828 0.040800255 0.999035352 -0.016239001 -1.513399036 -0.998564011 0.041334916 0.034076490 88.698720037
0.035244607 0.014280168 0.999276753 11.521148382 0.042856940 0.998956479 -0.015787160 -1.517746956 -0.998459296 0.043382358 0.034595825 88.719702358
0.037043640 0.014090260 0.999214375 12.216413833 0.043198109 0.998943348 -0.015687911 -1.547530066 -0.998379466 0.043745311 0.036395826 88.745833577
0.040696453 0.014365459 0.999068349 12.953601497 0.045320160 0.998841016 -0.016208279 -1.566646834 -0.998143150 0.045937560 0.039998243 88.762533137
0.043985955 0.014159755 0.998931865 13.691421534 0.045581002 0.998829842 -0.016165375 -1.590309319 -0.997991720 0.046243368 0.043289070 88.797063102
0.048219654 0.012528053 0.998758252 14.418744295 0.047707854 0.998751217 -0.014831280 -1.595110956 -0.997696693 0.048363775 0.047561753 88.847698960
0.051585390 0.011066980 0.998607332 15.210712331 0.047831846 0.998763633 -0.013539577 -1.613820731 -0.997522395 0.048463680 0.050992259 88.879337218
0.055432903 0.009536703 0.998416936 16.028279112 0.045425485 0.998894890 -0.012063327 -1.631034467 -0.997428486 0.046022282 0.054938435 88.921814292
0.058753249 0.008337083 0.998237788 16.817041774 0.041714136 0.999071222 -0.010799211 -1.653009030 -0.997400548 0.042275119 0.058350908 88.960236145
0.061974551 0.009268769 0.998034758 17.617106479 0.041860192 0.999052875 -0.011877599 -1.675377692 -0.997199451 0.042514038 0.061527862 89.024932316
0.065877822 0.012493028 0.997749553 18.422842411 0.037970737 0.999165996 -0.015017834 -1.700453066 -0.997104910 0.038874631 0.065348511 89.077405054
0.067524964 0.017852543 0.997557918 19.252546955 0.032509872 0.999269608 -0.020083777 -1.731457738 -0.997187722 0.033786639 0.066895262 89.149840692
0.067138040 0.020516216 0.997532807 20.057245323 0.028749443 0.999333653 -0.022488208 -1.771651970 -0.997329344 0.030188329 0.066503475 89.191094800
0.067275449 0.020649142 0.997520807 20.871854346 0.027367524 0.999371439 -0.022533187 -1.784204617 -0.997358962 0.028815607 0.066668047 89.252130957
0.066754954 0.019078794 0.997587043 21.702825681 0.025261244 0.999464365 -0.020805089 -1.822841934 -0.997449504 0.026589135 0.066237245 89.318013996
0.066770988 0.018109070 0.997604045 22.515742743 0.025698825 0.999472376 -0.019863041 -1.863965696 -0.997437252 0.026963529 0.066270378 89.369065443
0.066872567 0.017411425 0.997609661 23.354370049 0.022061684 0.999577481 -0.018924625 -1.896076396 -0.997517523 0.023274490 0.066460188 89.412901000
0.066835535 0.017804834 0.997605199 24.177576855 0.021168067 0.999590429 -0.019258440 -1.934586273 -0.997539368 0.022404524 0.066431268 89.467859764
0.066587575 0.018177647 0.997615057 25.001166007 0.019102941 0.999627552 -0.019489375 -1.961184429 -0.997597634 0.020355133 0.066215530 89.528271815
0.064729258 0.019828583 0.997705911 25.805095381 0.017251952 0.999630908 -0.020986113 -1.989609161 -0.997753657 0.018570792 0.064363287 89.592058587
0.061942059 0.020049034 0.997878425 26.623529579 0.014420453 0.999675887 -0.020980279 -2.026921282 -0.997975500 0.015689422 0.061632868 89.639646098
0.057628274 0.019191583 0.998153695 27.447005213 0.013246459 0.999712497 -0.019986335 -2.059464963 -0.998250159 0.014373781 0.057357487 89.678478832
0.052093807 0.017701169 0.998485372 28.261406378 0.007699038 0.999806063 -0.018126261 -2.090810103 -0.998612451 0.008631643 0.051947424 89.723243083
0.045364195 0.016393429 0.998836062 29.097082829 0.006321596 0.999840611 -0.016697024 -2.122763501 -0.998950446 0.007071686 0.045253334 89.780509929
0.037451588 0.016176305 0.999167573 29.922166378 0.005517231 0.999850385 -0.016394160 -2.159488821 -0.999283145 0.006126627 0.037356738 89.809111357
0.028455701 0.016841012 0.999453244 30.732673107 0.004609942 0.999845221 -0.016978866 -2.185848601 -0.999584357 0.005090568 0.028373662 89.823773062
0.018287967 0.017121508 0.999686220 31.530206525 0.004036744 0.999843954 -0.017198055 -2.216092834 -0.999824545 0.004349996 0.018216000 89.831184927
0.007622710 0.017471588 0.999818369 32.340832865 0.005092458 0.999833708 -0.017510680 -2.241648365 -0.999957913 0.005225013 0.007532471 89.832439520
-0.003593208 0.016798649 0.999852503 33.163249495 0.003126789 0.999854192 -0.016787440 -2.281174197 -0.999988589 0.003066009 -0.003645208 89.834556376
-0.015369140 0.016236727 0.999750115 33.942248528 0.003848855 0.999861698 -0.016179369 -2.310472844 -0.999874413 0.003599231 -0.015429505 89.803496236
-0.026274861 0.016203842 0.999523487 34.729653720 0.003932298 0.999862558 -0.016105968 -2.340952608 -0.999646955 0.003507244 -0.026334967 89.786771886
-0.037053197 0.016714860 0.999173563 35.512581192 0.003147566 0.999857097 -0.016609569 -2.374069618 -0.999308271 0.002529529 -0.037100511 89.744543603
-0.047589179 0.017573495 0.998712459 36.292912110 0.001589571 0.999845290 -0.017517683 -2.400688277 -0.998865661 0.000753874 -0.047609748 89.716949121
-0.057723630 0.018026308 0.998169910 37.050843783 0.002390446 0.999836599 -0.017918167 -2.434673746 -0.998329672 0.001351771 -0.057757287 89.661451622
-0.067893330 0.018806057 0.997515394 37.817788122 0.002836589 0.999821929 -0.018656475 -2.453510836 -0.997688487 0.001562892 -0.067934584 89.611535377
-0.077135704 0.019250445 0.996834809 38.543128925 0.003467897 0.999812716 -0.019039604 -2.486425261 -0.997014505 0.001988289 -0.077188014 89.554246970
-0.086607393 0.019617820 0.996049413 39.303124198 0.005247713 0.999801210 -0.019235419 -2.513728433 -0.996228632 0.003561054 -0.086693123 89.462836389
-0.095217034 0.019440528 0.995266756 40.059657289 0.005980090 0.999802416 -0.018957007 -2.539538930 -0.995438508 0.004146757 -0.095314475 89.383462727
-0.103433601 0.018650258 0.994461558 40.788551609 0.008061488 0.999807067 -0.017912034 -2.572953156 -0.994603625 0.006164135 -0.103563993 89.301715556
-0.108049519 0.016795238 0.994003699 41.504704724 0.009772454 0.999826919 -0.015831350 -2.595128603 -0.994097414 0.008003287 -0.108194947 89.227482183
-0.112103665 0.015157274 0.993580977 42.227233650 0.012685000 0.999824016 -0.013821290 -2.626486462 -0.993615482 0.011054160 -0.112276205 89.140507212
-0.114985350 0.013426651 0.993276511 42.947151604 0.014261267 0.999827913 -0.011864271 -2.654738633 -0.993264745 0.012801167 -0.115157041 89.056790195
-0.116642111 0.013334212 0.993084563 43.630419052 0.014763903 0.999822663 -0.011690599 -2.671908509 -0.993064204 0.013298191 -0.116818289 88.976064074
-0.117414344 0.013571416 0.992990343 44.272231783 0.015799799 0.999805587 -0.011796342 -2.692675494 -0.992957253 0.014303991 -0.117605941 88.895925870
-0.116846339 0.014162396 0.993049088 44.928418636 0.015770337 0.999798710 -0.012403051 -2.720400171 -0.993024721 0.014211470 -0.117046163 88.819009818
-0.114475812 0.015525196 0.993304782 45.575017867 0.016766621 0.999765652 -0.013693867 -2.748468903 -0.993284469 0.015086751 -0.114709288 88.743966880
-0.109566282 0.016189625 0.993847704 46.188983408 0.016276267 0.999762510 -0.014491605 -2.768620589 -0.993846155 0.014588342 -0.109803766 88.676081734
-0.101870378 0.017049255 0.994651638 46.800620726 0.015782274 0.999754989 -0.015520338 -2.782003445 -0.994672415 0.014116804 -0.102114493 88.617788145
-0.091285761 0.017462916 0.995671678 47.366220104 0.014809969 0.999759459 -0.016176793 -2.809131481 -0.995714538 0.013269158 -0.091522426 88.578961294
-0.078375378 0.017901542 0.996763246 47.940238828 0.015211367 0.999743842 -0.016759003 -2.834718708 -0.996807796 0.013848641 -0.078627606 88.537962253
-0.061582068 0.019073954 0.997919820 48.495906090 0.013951453 0.999736154 -0.018247719 -2.858920880 -0.998004445 0.012798701 -0.061831927 88.522555328
-0.040982496 0.021301641 0.998932835 49.043062132 0.013221856 0.999696735 -0.020775486 -2.884683895 -0.999072312 0.012356317 -0.041251712 88.515435853
-0.016386883 0.024874869 0.999556324 49.579077597 0.010503963 0.999639606 -0.024704736 -2.912419068 -0.999810483 0.010094471 -0.016642260 88.520209769
0.011313656 0.026284567 0.999590545 50.105723186 0.009235463 0.999609072 -0.026389582 -2.926027628 -0.999893281 0.009530246 0.011066485 88.545063715
0.044100557 0.026009636 0.998688527 50.633937262 0.007388151 0.999625205 -0.026360279 -2.956020295 -0.998999711 0.008540966 0.043891867 88.583793324
0.081483471 0.023781080 0.996391006 51.154869386 0.006451244 0.999681772 -0.024387193 -2.979196804 -0.996653747 0.008415117 0.081304126 88.660496385
0.123477570 0.020529011 0.992135062 51.663176407 0.005564241 0.999755955 -0.021379205 -3.004773582 -0.992331697 0.008160333 0.123333210 88.767551420
0.167338107 0.016384166 0.985763484 52.161036725 0.001242972 0.999857603 -0.016829421 -3.012481889 -0.985898718 0.004041482 0.167293917 88.884086813
0.215065200 0.014127585 0.976497567 52.647607121 -0.003908299 0.999899804 -0.013605389 -3.041125729 -0.976591807 -0.000890397 0.215098869 89.034355136
0.266364100 0.013074950 0.963783863 53.108555626 -0.007332080 0.999906546 -0.011538608 -3.055202664 -0.963844532 -0.003993068 0.266435077 89.184279488
0.320140816 0.012362124 0.947289373 53.573100631 -0.009148304 0.999908578 -0.009957092 -3.082905786 -0.947325734 -0.005478418 0.320224643 89.401967210
0.377951530 0.012853277 0.925736219 54.013016691 -0.008849322 0.999908102 -0.010270183 -3.105794604 -0.925783028 -0.004310504 0.378030542 89.620891443
0.437641931 0.015764415 0.899011196 54.418081477 -0.008490936 0.999874169 -0.013399656 -3.115301434 -0.899109190 -0.001769192 0.437720719 89.828386619
0.496650361 0.020135798 0.867717159 54.834373231 -0.007648079 0.999793576 -0.018823207 -3.136426828 -0.867916945 0.002712186 0.496701843 90.158458019
0.555451804 0.024851425 0.831177353 55.188415305 -0.012101044 0.999689049 -0.021802987 -3.146603393 -0.831460622 0.002052398 0.555579816 90.408882738
0.610479902 0.027675780 0.791548118 55.527671842 -0.015824667 0.999616027 -0.022745945 -3.150433027 -0.791873591 0.001359959 0.610683456 90.778087627
0.663870503 0.029469405 0.747266742 55.847814404 -0.016884840 0.999559224 -0.024418410 -3.165429657 -0.747656861 0.003593186 0.664075473 91.101967030
0.713724486 0.028108333 0.699862374 56.132251321 -0.017355440 0.999597373 -0.022447287 -3.178899709 -0.700211454 0.003874762 0.713924956 91.453520677
0.759449914 0.025153167 0.650079380 56.427154944 -0.018633415 0.999683342 -0.016911865 -3.212730897 -0.650298828 0.000730518 0.759678120 91.869678221
0.801214070 0.019831479 0.598049139 56.642065930 -0.017789425 0.999798308 -0.009320872 -3.221751313 -0.598113285 -0.003170935 0.801405264 92.254527755
0.838850283 0.017100228 0.544093579 56.868447462 -0.019334481 0.999811768 -0.001614193 -3.225750320 -0.544018694 -0.009165700 0.839023011 92.660812121
0.871093481 0.014547416 0.490901772 57.068737313 -0.019875626 0.999786546 0.005641087 -3.223820620 -0.490714859 -0.014670893 0.871196683 93.112001467
0.897428975 0.014768444 0.440911729 57.241659888 -0.022567909 0.999667782 0.012450474 -3.227940617 -0.440581318 -0.021123872 0.897464127 93.549564949
0.918401800 0.016188093 0.395317719 57.371940535 -0.024643275 0.999563095 0.016319558 -3.249339339 -0.394880769 -0.024729835 0.918399474 93.956939991
0.934511310 0.021144814 0.355304834 57.516838552 -0.030319377 0.999334651 0.020272899 -3.232113723 -0.354639719 -0.029717875 0.934530632 94.440395924
0.947026975 0.026637031 0.320047480 57.638408644 -0.034443529 0.999230655 0.018754775 -3.244358657 -0.319301640 -0.028784843 0.947215859 94.898656180
0.956860999 0.029061546 0.289089025 57.732716408 -0.035982110 0.999178350 0.018652437 -3.212981299 -0.288309389 -0.028249824 0.957120491 95.386916150
0.963488759 0.024375949 0.266636895 57.870311323 -0.030766448 0.999330164 0.019815375 -3.235495240 -0.265975238 -0.027295362 0.963593341 95.864515292
0.967752185 0.020479172 0.251070346 57.973058771 -0.026528750 0.999433002 0.020734028 -3.234029272 -0.250503342 -0.026725984 0.967746759 96.325729921
0.970925347 0.024372685 0.238138510 58.097258038 -0.030124920 0.999334973 0.020545083 -3.230212080 -0.237479372 -0.027121646 0.971013881 96.847453671
0.973043049 0.028886157 0.228807388 58.179196723 -0.034529213 0.999189351 0.020697214 -3.212153256 -0.228024013 -0.028039819 0.973251669 97.353014077
0.974316499 0.035196998 0.222415234 58.294079783 -0.040538407 0.998987788 0.019494506 -3.203845579 -0.221503926 -0.028010179 0.974757116 97.856900428
0.974577220 0.042903455 0.219905758 58.382376143 -0.047544303 0.998743328 0.015852534 -3.197759432 -0.218949252 -0.025904785 0.975392312 98.384875862
0.974723469 0.044643789 0.218908877 58.499827316 -0.048720539 0.998724458 0.013257650 -3.204104388 -0.218037749 -0.023587901 0.975655239 98.907062494
0.974329502 0.042012631 0.221171805 58.614258210 -0.045338541 0.998921824 0.009980258 -3.208126091 -0.220514017 -0.019751667 0.975183795 99.468098824
0.973415696 0.042830650 0.225005389 58.757264159 -0.044798550 0.998989389 0.003645489 -3.210648648 -0.224621829 -0.013628491 0.974350703 100.012815603
0.972385841 0.045022882 0.228995028 58.897715289 -0.045946835 0.998943043 -0.001297999 -3.216262134 -0.228811400 -0.009259440 0.973426731 100.581410191
0.971234355 0.047889136 0.233260510 59.025088055 -0.048944417 0.998800702 -0.001265514 -3.219401990 -0.233041335 -0.010187688 0.972413462 101.143873465
0.969803552 0.050304434 0.238643128 59.165507363 -0.052322979 0.998627949 0.002127053 -3.204851622 -0.238208666 -0.014549343 0.971105010 101.750959562
0.968713474 0.048051321 0.243485695 59.299900423 -0.051250936 0.998662524 0.006819403 -3.221202795 -0.242832326 -0.019084918 0.969880519 102.367542709
0.967933327 0.043053798 0.247490309 59.460902574 -0.047555386 0.998793640 0.012237214 -3.229059854 -0.246664856 -0.023614305 0.968813091 102.956048883
0.967064358 0.040311533 0.251319549 59.639082493 -0.046014378 0.998798586 0.016854123 -3.222448938 -0.250338162 -0.027863335 0.967757424 103.583095929
0.966344984 0.038437017 0.254361899 59.799620171 -0.044289157 0.998868636 0.017318164 -3.217524305 -0.253408432 -0.028000795 0.966954039 104.229717576
0.966304435 0.033841429 0.255167599 59.962561183 -0.038827909 0.999140286 0.014528696 -3.210853017 -0.254456523 -0.023946768 0.966787682 104.871492692
0.966543455 0.031821473 0.254521418 60.138633114 -0.035071587 0.999350828 0.008240576 -3.226338645 -0.254093930 -0.016891345 0.967032031 105.495322228
0.966675651 0.036715794 0.253357740 60.318787650 -0.038229653 0.999268425 0.001052849 -3.227193000 -0.253133701 -0.010703541 0.967372088 106.184964708
0.967259375 0.039521955 0.250693687 60.488686031 -0.040173546 0.999189540 -0.002519720 -3.233373627 -0.250590061 -0.007634031 0.968063188 106.828533843
0.967843078 0.037937003 0.248677637 60.663311941 -0.039569005 0.999215613 0.001565675 -3.229051052 -0.248423148 -0.011355254 0.968585046 107.552932511
0.968301924 0.033973413 0.247461509 60.841847046 -0.037328260 0.999263632 0.008876679 -3.236261257 -0.246977683 -0.017832613 0.968857066 108.249604723
0.969026145 0.031033033 0.245000590 61.012145060 -0.035650630 0.999260073 0.014433955 -3.233694926 -0.244371347 -0.022721306 0.969415484 108.965820257
0.969406453 0.033822847 0.243119622 61.179055226 -0.038404799 0.999162352 0.014130290 -3.238969915 -0.242438015 -0.023034955 0.969893392 109.693660817
0.969637562 0.039814289 0.241283709 61.340564789 -0.043438208 0.999008862 0.009716769 -3.221808619 -0.240657666 -0.019902676 0.970405979 110.418911380
0.970613245 0.041921445 0.236965247 61.520525381 -0.044294768 0.999007458 0.004697987 -3.238493965 -0.236533072 -0.015056249 0.971506772 111.172716767
0.971552965 0.042151521 0.233040967 61.705699471 -0.043710725 0.999043061 0.001528090 -3.238268575 -0.232753520 -0.011671009 0.972465722 111.955173931
0.972591517 0.040499931 0.228966161 61.893937294 -0.042149388 0.999108635 0.002316126 -3.247963554 -0.228668236 -0.011903428 0.973431631 112.714768646
0.973436497 0.036694620 0.225997559 62.051636990 -0.038855808 0.999231708 0.005120585 -3.256067061 -0.225636000 -0.013765881 0.974114413 113.502406322
0.973876270 0.034735807 0.224406864 62.230795051 -0.037422891 0.999269614 0.007730761 -3.265074300 -0.223974397 -0.015926758 0.974464880 114.308075174
0.974149270 0.033351027 0.223429889 62.411812685 -0.036427854 0.999289574 0.009662271 -3.254570720 -0.222948883 -0.017551566 0.974672115 115.069507292
0.974456036 0.030319078 0.222522346 62.605756842 -0.033618573 0.999373605 0.011053903 -3.264056452 -0.222047786 -0.018252426 0.974864926 115.898530389
0.974569589 0.028675108 0.222242797 62.783403911 -0.032241564 0.999402743 0.012435368 -3.262637343 -0.221753447 -0.019284587 0.974912051 116.711425742
0.974510274 0.032049034 0.222041866 62.957910380 -0.035341040 0.999316218 0.010867741 -3.267771784 -0.221541709 -0.018437916 0.974976568 117.523339489
0.974112827 0.037653349 0.222904533 63.136806280 -0.040443644 0.999150078 0.007964543 -3.273185966 -0.222415161 -0.016773435 0.974807746 118.329083954
0.973609031 0.044633313 0.223815389 63.298125491 -0.047143345 0.998870821 0.005881103 -3.283569460 -0.223300139 -0.016277301 0.974613817 119.157131305
0.972763594 0.049708353 0.226406881 63.491608871 -0.052561800 0.998595939 0.006588384 -3.286703315 -0.225761465 -0.018309293 0.974010536 120.007202460
0.972063356 0.050023723 0.229326113 63.662117594 -0.053212529 0.998553225 0.007738365 -3.287758496 -0.228607198 -0.019725204 0.973318889 120.845836839
0.971341529 0.050956469 0.232161752 63.859280432 -0.054082660 0.998511103 0.007116349 -3.295881185 -0.231453433 -0.019468331 0.972651164 121.691879873
0.971057931 0.049464552 0.233665914 64.062265014 -0.052044873 0.998632795 0.004885920 -3.294223042 -0.233104735 -0.016905624 0.972304672 122.513845988
0.970930498 0.043423636 0.235389810 64.251839185 -0.045901689 0.998933168 0.005055644 -3.316683438 -0.234919124 -0.015713468 0.971887898 123.374077302
0.971133299 0.038213920 0.235456616 64.485992702 -0.040465974 0.999169682 0.004738332 -3.322848622 -0.235080011 -0.014129533 0.971873314 124.188195410
0.970879731 0.036170500 0.236821134 64.672686353 -0.038404829 0.999250605 0.004826775 -3.356418407 -0.236469044 -0.013781293 0.971541281 125.050929017
0.970448284 0.038616985 0.238199208 64.879797807 -0.041343313 0.999124126 0.006458431 -3.347176307 -0.237741140 -0.016115517 0.971194849 125.902152581
0.969866457 0.040473228 0.240251910 65.066651753 -0.044687286 0.998927550 0.012115970 -3.340604042 -0.239503848 -0.022487079 0.970634963 126.705874366
0.969530502 0.043252678 0.241122000 65.264970912 -0.048516200 0.998695314 0.015932591 -3.326862794 -0.240118254 -0.027145457 0.970364025 127.572216049
0.969309819 0.042840820 0.242080867 65.479050933 -0.046726494 0.998854305 0.010330102 -3.344484369 -0.241360935 -0.021324660 0.970201088 128.377670553
0.969359587 0.041225626 0.242162023 65.676241998 -0.041769386 0.999123098 -0.002890267 -3.373394061 -0.242068792 -0.007313250 0.970231524 129.186610006
