1.000000000000000000e+00 1.340647807916491148e-19 -4.035537943246326386e-21 1.734723475976807094e-18 -6.058368000060349672e-19 1.000000000000000000e+00 -6.966187348603874941e-19 0.000000000000000000e+00 -2.538576587129467840e-20 -1.678459064301256428e-19 9.999999999999998890e-01 0.000000000000000000e+00
9.999949296442596225e-01 -1.541497318434759426e-03 -2.786480756490501785e-03 -7.753557161914304344e-03 1.538805743631644837e-03 9.999983478091607481e-01 -9.677066045256605764e-04 -2.285212041714747289e-02 2.787967495467010004e-03 9.634139254285679650e-04 9.999956495242343646e-01 7.006721308461146824e-01
9.999786240266284043e-01 -6.784410474362768083e-04 -6.503170180196728156e-03 -1.516782345803861960e-02 6.667401870060819281e-04 9.999981555092387620e-01 -1.801230942266476018e-03 -3.076142515836041702e-02 6.504379343267391311e-03 1.796856666596558655e-03 9.999772319124962117e-01 1.427608247747038206e+00
9.999419214338857165e-01 -8.138815631050613005e-04 -1.074669191280005869e-02 -2.218339491942235980e-02 7.862677693539547831e-04 9.999963794986594934e-01 -2.573473956379714739e-03 -2.907443028371654858e-02 1.074874606815074719e-02 2.564874934014715370e-03 9.999389410597731009e-01 2.132165075863558634e+00
9.998817393039212131e-01 1.126127858918659708e-03 -1.533751285576015130e-02 -4.004973335854317834e-02 -1.176826180094732053e-03 9.999938727329822363e-01 -3.296902610127596875e-03 -3.325861680122540326e-02 1.533370409365068625e-02 3.314562588499242891e-03 9.998769380005914087e-01 2.870511397058055358e+00
9.998002976980202572e-01 -1.492172587648146612e-04 -1.998355678997465468e-02 -6.545570240152838448e-02 8.741072112062792435e-05 9.999952106582683520e-01 -3.093705406412922826e-03 -4.658632392311171100e-02 1.998392004017711734e-02 3.091341079697739348e-03 9.997955223304852979e-01 3.612524110335966654e+00
9.996966811005092435e-01 7.698091801128328394e-04 -2.461611894654189975e-02 -7.699572926310135901e-02 -8.722682065710756112e-04 9.999910007498659104e-01 -4.151813592786553209e-03 -6.140750544537609129e-02 2.461269802123464134e-02 4.172026490861219412e-03 9.996883560294607118e-01 4.375517631718743417e+00
9.995617974984468690e-01 3.932653049552347832e-03 -2.933849678243518472e-02 -1.250779032926563061e-01 -4.075329164557588840e-03 9.999801519995703547e-01 -4.804922147851695829e-03 -7.752250001622570941e-02 2.931901445872626966e-02 4.922381082187884081e-03 9.995579850144427070e-01 5.146407731196630309e+00
9.994101574246738728e-01 5.333798548834576582e-03 -3.392474100862965386e-02 -1.550048241075941691e-01 -5.477898611807276857e-03 9.999763592434162129e-01 -4.156146673940996211e-03 -8.013813281865261873e-02 3.390176641810601493e-02 4.339531882367111439e-03 9.994157485749392000e-01 5.950812794654278370e+00
9.992462150397931619e-01 6.143457423604727421e-03 -3.833092662016113206e-02 -2.065895542156837017e-01 -6.229568593644458675e-03 9.999783328193841969e-01 -2.127520347682948336e-03 -1.020483319375279918e-01 3.831702063865604496e-02 2.364702023277116989e-03 9.992628352249280921e-01 6.762325218963185058e+00
9.991159908961325664e-01 5.128431489585724527e-03 -4.172452803387728670e-02 -2.297614711142153265e-01 -5.118575015761757559e-03 9.999868411662475864e-01 3.430306958960799377e-04 -9.940657859549806297e-02 4.172573260923395644e-02 -1.291572971164495231e-04 9.991290938898539364e-01 7.566469410426416076e+00
9.990090560030525646e-01 5.038289256790631776e-03 -4.422128459380584437e-02 -2.738955527032706505e-01 -5.023657502672728044e-03 9.999872836730122616e-01 4.419774130428657253e-04 -1.158200001105158250e-01 4.422294314870724857e-02 -2.193868256072607694e-04 9.990216628463810533e-01 8.372878343273180590e+00
9.989092850653198408e-01 4.373275683375053846e-03 -4.648779457652409131e-02 -3.163826390849968639e-01 -4.380980297496092461e-03 9.999904014141453024e-01 -6.386812237523669961e-05 -1.181408319712657362e-01 4.648706282001410089e-02 2.674606382496291638e-04 9.989188561103183872e-01 9.203153026279260018e+00
9.988369197784257025e-01 3.159592914225948981e-03 -4.811262883892542669e-02 -3.483698195203957515e-01 -3.176644565105139935e-03 9.999949158150835959e-01 -2.779656409616446805e-04 -1.325476905215263734e-01 4.811149952185749673e-02 4.304791449616872357e-04 9.988418783352187580e-01 1.003533977245308684e+01
9.987151347679806834e-01 2.879485069711900953e-03 -5.059435324839661741e-02 -3.982986182352171167e-01 -2.871364767523753702e-03 9.999958504361584621e-01 2.331703250954797978e-04 -1.470437835510887137e-01 5.059480793544821747e-02 -8.759585040666895703e-05 9.987192585075453932e-01 1.088104557959384167e+01
9.986467052393915855e-01 -3.117752327291558142e-05 -5.200728397989196755e-02 -4.463338881919681200e-01 3.058715124067970596e-05 9.999999994584595209e-01 -1.214649392238464641e-05 -1.589030408456894028e-01 5.200727735940000734e-02 1.053934728266996942e-05 9.986467055701226947e-01 1.175921695238491438e+01
9.985491407313519252e-01 1.678788134557876194e-03 -5.382188859222402505e-02 -5.022085439989339983e-01 -1.773656596055780011e-03 9.999969565768569435e-01 -1.714926186887851195e-03 -1.651212115074829900e-01 5.381883858124837661e-02 1.807899813828061763e-03 9.985490792359427159e-01 1.260750143273184953e+01
9.984648262933341067e-01 3.837393420202593348e-03 -5.525636228265042721e-02 -5.562809405591876422e-01 -4.065231234977105361e-03 9.999836907767206684e-01 -4.011490432195746574e-03 -1.830215593909844118e-01 5.524006003077546606e-02 4.229962384351458084e-03 9.984641419200585011e-01 1.349185996441576485e+01
9.983728415633920106e-01 6.891215067888230641e-03 -5.660548492835017903e-02 -6.199481614776130023e-01 -7.221591115689567596e-03 9.999580523724179715e-01 -5.634010950573324975e-03 -1.933041174434270149e-01 5.656427771208370064e-02 6.033625737241541179e-03 9.983807276509559792e-01 1.437627966309220717e+01
9.982944605863430798e-01 7.571732114798775809e-03 -5.788643537790297972e-02 -6.808825192963003925e-01 -7.909947365111564752e-03 9.999529462670001534e-01 -5.615865318208405205e-03 -2.084451901952231734e-01 5.784118203748492976e-02 6.064166447726341419e-03 9.983073790280223569e-01 1.525244492733876456e+01
9.982101480889945533e-01 7.877863441990632168e-03 -5.928271342239473801e-02 -7.337951709218282215e-01 -8.149689671907076743e-03 9.999573512949171405e-01 -4.344894757893028037e-03 -2.276637438960066318e-01 5.924594867492890410e-02 4.820254208782326875e-03 9.982317777766011035e-01 1.616887226307364855e+01
9.981475171784881528e-01 7.193814279935433972e-03 -6.041343885303577382e-02 -8.014216793034524278e-01 -7.424724012172027876e-03 9.999659612899755023e-01 -3.598569356588747926e-03 -2.587834180250226934e-01 6.038548693479984381e-02 4.040456567137818908e-03 9.981669535224035883e-01 1.707593740237979674e+01
9.980661208287454622e-01 7.512653384353149347e-03 -6.170558423036481138e-02 -8.637389161360846668e-01 -7.722547711849630202e-03 9.999651757445312539e-01 -3.163782752164396705e-03 -2.744526080350060959e-01 6.167965871951119894e-02 3.634189053335957955e-03 9.980893806526994760e-01 1.798640645692816875e+01
9.979882299419003955e-01 7.198822113747313338e-03 -6.298944762235653139e-02 -9.186959975062244377e-01 -7.443667587839809981e-03 9.999656219877113283e-01 -3.653302887927509061e-03 -2.753359489468365506e-01 6.296097426451913170e-02 4.114826188787535331e-03 9.980075066373580439e-01 1.888634446371326447e+01
9.978978888233592803e-01 6.991766900600449204e-03 -6.442762883635118343e-02 -9.732354193659885633e-01 -7.254467718715420198e-03 9.999662958992158179e-01 -3.844441517362176194e-03 -2.959962140058245983e-01 6.439856930117698885e-02 4.303748640534457541e-03 9.979149770259767571e-01 1.979638455285123300e+01
9.978742333919645713e-01 6.614401627782717959e-03 -6.483258987118306615e-02 -1.039970207179482964e+00 -6.812255108675757329e-03 9.999727883779934157e-01 -2.831193288612467770e-03 -3.134170441130478268e-01 6.481209034404145086e-02 3.266831302260549477e-03 9.978921385104785324e-01 2.073390451989225269e+01
9.979005086681206338e-01 6.862455491092320399e-03 -6.440094862205933413e-02 -1.117193311090421082e+00 -6.850434321314498309e-03 9.999764524763531393e-01 4.074566035976987834e-04 -3.157560899487359407e-01 6.440221966638390305e-02 3.457338033738516469e-05 9.979240212808665467e-01 2.167039643004878613e+01
9.979240759140826089e-01 6.897737594896989448e-03 -6.403093470500127726e-02 -1.179146773084679856e+00 -6.639536707229189844e-03 9.999689506123650151e-01 4.244331413248536577e-03 -3.228916107704015714e-01 6.405821428490646174e-02 -3.810385013447289190e-03 9.979388886554882987e-01 2.261442403567217951e+01
9.980348899430654397e-01 7.182312660219302564e-03 -6.224767852428418624e-02 -1.225652433913351214e+00 -6.762153613041842030e-03 9.999529299198547383e-01 6.957816552332159524e-03 -3.343586635643783778e-01 6.229471338593571550e-02 -6.523215787456035884e-03 9.980364801506561578e-01 2.354869104275758218e+01
9.981435099556665858e-01 5.518354079939257091e-03 -6.065543591537429780e-02 -1.287560910789294022e+00 -5.056010311936008812e-03 9.999570054876222303e-01 7.773283214056510987e-03 -3.425834126565411308e-01 6.069571565640635019e-02 -7.452178235016529081e-03 9.981284960064426004e-01 2.449787103411292932e+01
9.982323165538161680e-01 6.326815004791828782e-03 -5.909495900565261972e-02 -1.341071091194993015e+00 -5.991325510724303596e-03 9.999649251303072139e-01 5.852565093681556113e-03 -3.510909396995970377e-01 5.912990642964015275e-02 -5.488162869039647958e-03 9.982352095889773791e-01 2.542569052195252155e+01
9.982553118199469777e-01 9.028927831936208251e-03 -5.835076234653561317e-02 -1.417931810552758076e+00 -8.988711374587416564e-03 9.999591478856497684e-01 9.516280796334999252e-04 -3.659141970950151035e-01 5.835696296214468171e-02 -4.254696015283940865e-04 9.982956893126029296e-01 2.639262531831843717e+01
9.983088636237325009e-01 8.776825758282626178e-03 -5.746634410126813530e-02 -1.467843277458982243e+00 -8.894028620781445349e-03 9.999588557839075298e-01 -1.784084499275603083e-03 -3.862112471715904993e-01 5.744831340529455571e-02 2.292174922335527519e-03 9.983458502409263691e-01 2.734337837664763882e+01
9.983698864231465020e-01 7.315957129277134673e-03 -5.660430369816274454e-02 -1.514404144827969700e+00 -7.391275124169124737e-03 9.999720553671391787e-01 -1.121387340373793118e-03 -4.023728173329591540e-01 5.659451031275772315e-02 1.537937513970573421e-03 9.983960615084150891e-01 2.830254096106309802e+01
9.984033718922769030e-01 3.470026395460928080e-03 -5.637966330398469506e-02 -1.575438086436237395e+00 -3.263731155838475555e-03 9.999876401134022430e-01 3.750690276167504330e-03 -4.028360598458110564e-01 5.639197389333316934e-02 -3.560693995005067246e-03 9.984023568768187751e-01 2.929234978400882738e+01
9.983641451117826193e-01 -3.196943729842274665e-04 -5.717457545542064395e-02 -1.639670923634820365e+00 7.202145361368768100e-04 9.999753469871598410e-01 6.984749094972659243e-03 -4.042816843777780056e-01 5.717092527482139919e-02 -7.014501544420423049e-03 9.983397625721089907e-01 3.026166992487472740e+01
9.982505454363580499e-01 -1.059925576729135212e-02 -5.816790236055380953e-02 -1.675553321153813835e+00 1.100001864803400523e-02 9.999178881634216420e-01 6.573927544892303396e-03 -4.244872450187855972e-01 5.809343954370714547e-02 -7.202275315747389342e-03 9.982851691563908725e-01 3.124134679632664202e+01
9.981726729518650698e-01 -1.002445773569110229e-02 -5.958880594670479258e-02 -1.737534632745690422e+00 1.022968414055447882e-02 9.999427453018054912e-01 3.140013001948803190e-03 -4.450396289880269585e-01 5.955390928394006800e-02 -3.743850097409142340e-03 9.982180698121775331e-01 3.223463273118318284e+01
9.980966825345395366e-01 -8.985655710794026446e-03 -6.101041634519612650e-02 -1.807834406287223139e+00 8.957600849375741206e-03 9.999596110100230639e-01 -7.333027009813502433e-04 -4.658053313499349590e-01 6.101453321464837820e-02 1.854000964740913908e-04 9.981368602394351530e-01 3.322476579407175024e+01
9.979848530435093679e-01 -6.749419372895791927e-03 -6.309262290885607471e-02 -1.863804130501030221e+00 6.643028853837576637e-03 9.999761376599545226e-01 -1.895857749033642977e-03 -4.749874257966633095e-01 6.310390484659102184e-02 1.472911372073057402e-03 9.980058752809320977e-01 3.421157681053293231e+01
9.979001897396093668e-01 -1.053769345555739985e-02 -6.390750338572957767e-02 -1.927003941313605750e+00 1.054201944198342525e-02 9.999443950537358905e-01 -2.694827432436742130e-04 -5.021984481493179109e-01 6.390678096214237602e-02 -4.047972490790684944e-04 9.979557900214263144e-01 3.521776563589983056e+01
9.978530549745417977e-01 -8.805292844474480948e-03 -6.489798274912444986e-02 -1.999857204613946227e+00 8.967152750366262984e-03 9.999573670628910671e-01 2.203231885626677836e-03 -4.923732403408130898e-01 6.487580714828512785e-02 -2.780451971184854949e-03 9.978894718665721753e-01 3.623644388446074061e+01
9.978019169396014076e-01 -5.619668171975415218e-03 -6.602843756489557014e-02 -2.077742117206916816e+00 5.859748267577235235e-03 9.999769045452043814e-01 3.442925393283590915e-03 -5.111350252733938282e-01 6.600755565305321815e-02 -3.822267840562671836e-03 9.978118019799447902e-01 3.724411286534608934e+01
9.977185989403012378e-01 -7.279661382229965332e-03 -6.711635097170659536e-02 -2.152338389814029362e+00 7.705123542883350607e-03 9.999518158911643306e-01 6.082514035141073014e-03 -5.109284596106177245e-01 6.706882938428518348e-02 -6.585777644393697380e-03 9.977266153305770491e-01 3.822604911097570834e+01
9.977042190555422962e-01 -6.406070957771818272e-03 -6.741850078006488001e-02 -2.214081588927327982e+00 7.029054418012054516e-03 9.999347273699207284e-01 9.007408426462496995e-03 -5.334027549664680512e-01 6.735638905593130388e-02 -9.460618422202610178e-03 9.976841247738224006e-01 3.924741694955397264e+01
9.976901408784087932e-01 -2.832056396572365121e-03 -6.787019207290817535e-02 -2.285166715328426967e+00 3.607002194579782620e-03 9.999296671233153244e-01 1.129824576110536813e-02 -5.288803899728740099e-01 6.783341219178064263e-02 -1.151695722353083748e-02 9.976301855646964034e-01 4.026590795860877847e+01
9.977056612912027500e-01 -2.067513108566187714e-03 -6.766933969633838475e-02 -2.370125994079221421e+00 2.828864864961396722e-03 9.999337552480280777e-01 1.115717949559521215e-02 -5.451852255127419555e-01 6.764178026338106553e-02 -1.132300943468340579e-02 9.976454171132592696e-01 4.125530036886253527e+01
9.977070795101268263e-01 -1.120984887383111870e-03 -6.767072932291794130e-02 -2.441352550396442389e+00 1.794859255852720298e-03 9.999494011342555666e-01 9.898164755735426590e-03 -5.493062000612323192e-01 6.765620048845631673e-02 -9.996929246925202392e-03 9.976586085471429444e-01 4.226511920760191288e+01
9.977212640236758912e-01 1.894189079659615608e-03 -6.744399219029140191e-02 -2.509963195271853298e+00 -1.384769634661509865e-03 9.999701670917578999e-01 7.599167519248656646e-03 -5.597437842122650054e-01 6.745636535292848235e-02 -7.488457183982007159e-03 9.976941219908512792e-01 4.325931695453315484e+01
9.976704845457264881e-01 1.970197738057439737e-03 -6.818887975248608124e-02 -2.578123877954443977e+00 -1.457163928758222491e-03 9.999702655050609623e-01 7.572634038125155773e-03 -5.760186763034237378e-01 6.820176263016559937e-02 -7.455631644400767880e-03 9.976436900962878385e-01 4.423242452342793740e+01
9.975878930503350173e-01 -6.053564103704696029e-05 -6.941464348333874212e-02 -2.656428506864540573e+00 6.597225211152808744e-04 9.999627233459426057e-01 8.609105458709846725e-03 -5.891176883746714887e-01 6.941152546780500476e-02 -8.634134426481929539e-03 9.975507461216244209e-01 4.523024668211474619e+01
9.975276765837240989e-01 -1.470865649936862812e-03 -7.025931805889620851e-02 -2.728161204582099764e+00 2.128624050680546533e-03 9.999546007156682181e-01 9.287921259117381395e-03 -5.813409602398866838e-01 7.024245762611361354e-02 -9.414514899682075930e-03 9.974855203316823626e-01 4.623290566909182076e+01
9.975059875536751441e-01 1.209006147403995359e-03 -7.057155149000350625e-02 -2.812250569971480374e+00 -6.934624375988813344e-04 9.999728998455048590e-01 7.329303731788880914e-03 -6.167861347608378786e-01 7.057849069729149605e-02 -7.262086169961145914e-03 9.974797932617862628e-01 4.720757519859552787e+01
9.974397262220826565e-01 4.251125272939707857e-03 -7.138572192153579132e-02 -2.891465967608624066e+00 -4.112077974268894300e-03 9.999893515340055883e-01 2.094666120834802903e-03 -6.166530206577306439e-01 7.139385689408869751e-02 -1.795759629861772401e-03 9.974465858611101243e-01 4.819608442205220911e+01
9.974143626078151303e-01 4.907961666025076851e-03 -7.169729416855016857e-02 -2.976153772345737636e+00 -4.853828690826953937e-03 9.999877883713691462e-01 9.292164562696264259e-04 -6.446719352155825256e-01 7.170096958011590305e-02 -5.788074381522399434e-04 9.974260048444771876e-01 4.916101804664717179e+01
9.973952087033348679e-01 4.631132657866178677e-03 -7.198160241334397580e-02 -3.020523674968631944e+00 -4.343696017761139103e-03 9.999819580246354089e-01 4.149207772769494471e-03 -6.523170288833801678e-01 7.199950960481213413e-02 -3.825734000623320745e-03 9.973973298344779304e-01 5.014663214788099310e+01
9.973919697461300915e-01 1.913413636893641218e-03 -7.214983263653113044e-02 -3.114642418746906394e+00 -1.355903224033455515e-03 9.999688526153652779e-01 7.775302772051123981e-03 -6.674619500970639940e-01 7.216245305025865975e-02 -7.657196920008793768e-03 9.973634978693406428e-01 5.111996706880567842e+01
9.973732714800522814e-01 1.748366932172074669e-03 -7.241202504162658204e-02 -3.178206690986236982e+00 -1.166544670919638683e-03 9.999667049685827536e-01 8.076393755240286396e-03 -6.679404095019737531e-01 7.242372486722670200e-02 -7.970707988583401390e-03 9.973421033235548849e-01 5.206821252206660944e+01
9.973648843913164308e-01 -9.394879272711452022e-04 -7.254243974248172910e-02 -3.256082125925001680e+00 1.474821165649371248e-03 9.999720741430517812e-01 7.326380335043075273e-03 -6.898564520808210254e-01 7.253352115644941256e-02 -7.414062146963407499e-03 9.973384175697963538e-01 5.305299010815051730e+01
9.973383341303418970e-01 -3.980999755216172407e-03 -7.280384424666941356e-02 -3.308515088886361255e+00 4.432294334723922875e-03 9.999719465857119793e-01 6.038279646076130658e-03 -7.034734498561958649e-01 7.277775369538694306e-02 -6.344896289876974030e-03 9.973280002203501748e-01 5.402993258207406058e+01
9.972656282159485519e-01 -4.345481860799761328e-03 -7.377251797989727022e-02 -3.383001632447858675e+00 4.875923255573642867e-03 9.999635302865569342e-01 7.011667604528596526e-03 -7.082764212476930776e-01 7.373934854760882951e-02 -7.352204776699466232e-03 9.972504463296588684e-01 5.497285458688508442e+01
9.971843753310910552e-01 -6.198703164330576776e-03 -7.473217873904212938e-02 -3.448772726782267650e+00 7.020415971086273361e-03 9.999177035523816315e-01 1.073777889847708431e-02 -7.314901017810239159e-01 7.465945821797657922e-02 -1.123219718493735642e-02 9.971458279344033171e-01 5.592535432060143563e+01
9.970846940894361188e-01 -9.990547137471742986e-03 -7.564590320615506569e-02 -3.519125103930381027e+00 1.120154200787711572e-02 9.998155434272549824e-01 1.560142882654479667e-02 -7.371377093420047322e-01 7.547607286963482764e-02 -1.640329793732282770e-02 9.970126846465046100e-01 5.687916176341175145e+01
9.970539087418391899e-01 -8.957194627042844651e-03 -7.617921388141925265e-02 -3.587247380542355923e+00 1.037757282040172729e-02 9.997792344933008613e-01 1.826987307276152842e-02 -7.183535550324607888e-01 7.599873911585650066e-02 -1.900660519666363263e-02 9.969267474129642759e-01 5.783592538139114936e+01
9.969533361138563921e-01 -9.038520455436224732e-03 -7.747484552360467402e-02 -3.684911887996468849e+00 1.022160124497624965e-02 9.998369257003595356e-01 1.488760829538120570e-02 -7.323058986441124407e-01 7.732763902642240950e-02 -1.563416895505743281e-02 9.968831466463317081e-01 5.878046740403807746e+01
9.968339131858342528e-01 -7.651164503002478440e-03 -7.914297295875738492e-02 -3.774828139767651525e+00 8.245670942503748740e-03 9.999401708315924786e-01 7.187744979940432870e-03 -7.370744510196683974e-01 7.908323266589291356e-02 -7.817575446277286177e-03 9.968373622868298423e-01 5.971313812675733601e+01
9.968109446243446081e-01 -5.241102652163369402e-03 -7.962708391469275337e-02 -3.834577220255257046e+00 5.440696271376221048e-03 9.999825775168591502e-01 2.289867725719645520e-03 -7.657816696426121839e-01 7.961368450220565607e-02 -2.715792147939695509e-03 9.968220928194591046e-01 6.060077040152925321e+01
9.967327539747646847e-01 -1.509533345798720356e-03 -8.075604907524851217e-02 -3.927657192504062866e+00 1.742245130837245240e-03 9.999945306225375141e-01 2.811283384798326374e-03 -7.696385976647149851e-01 8.075135283574583211e-02 -2.942795236988458157e-03 9.967299323110299092e-01 6.153028350653981704e+01
9.966522793136062264e-01 7.621306583092072456e-04 -8.175361962462893151e-02 -4.005463368114709155e+00 -3.654822806868859874e-04 9.999880912077484529e-01 4.866607894540875626e-03 -7.806577552963492872e-01 8.175634406637338758e-02 -4.820436675699730535e-03 9.966406887952488081e-01 6.240527869088823820e+01
9.965711636761548364e-01 2.536078551561860624e-03 -8.270117947827444749e-02 -4.079620684677043307e+00 -1.983512921913756048e-03 9.999751638302412093e-01 6.762943475093925565e-03 -7.951506645521176919e-01 8.271626576254942353e-02 -6.575716056611485144e-03 9.965514428663495572e-01 6.330193633404934417e+01
9.964667349800919727e-01 5.154421384002770730e-03 -8.383006087429525910e-02 -4.153491767022479131e+00 -4.640989303805340138e-03 9.999692691424322266e-01 6.318384714204041200e-03 -8.167422825234145201e-01 8.386004108073656649e-02 -5.907006178839167669e-03 9.964600341728203636e-01 6.418381610406136417e+01
9.963749699507057356e-01 3.283522402434524163e-03 -8.500669883180514419e-02 -4.248225222492741260e+00 -2.677151605158241670e-03 9.999701621508675364e-01 7.246217703412258238e-03 -8.141094669735426947e-01 8.502794413228839665e-02 -6.992374623823427796e-03 9.963540306036221539e-01 6.505093376841385577e+01
9.962123419036738037e-01 4.210128193526547699e-03 -8.685186133679502485e-02 -4.327860732564148272e+00 -3.565381591453495834e-03 9.999649356674989997e-01 7.577301026293765604e-03 -8.340277278599276256e-01 8.688070569462455484e-02 -7.238941288629467154e-03 9.961924209446227918e-01 6.587590938870586399e+01
9.960991344461151975e-01 5.523145882519946148e-03 -8.806821452033172792e-02 -4.403295683501810664e+00 -4.849773527039135355e-03 9.999573635932226257e-01 7.858160679635010915e-03 -8.461607894816992603e-01 8.810784956424562442e-02 -7.400396682663720749e-03 9.960834502107370758e-01 6.669214196686019136e+01
9.960020706838782489e-01 6.329318839846720390e-03 -8.910564594672022720e-02 -4.479238575792656718e+00 -5.575943238991640585e-03 9.999465973037084954e-01 8.701229348973032324e-03 -8.598748223638761345e-01 8.915594836769966114e-02 -8.169595013166922395e-03 9.959841732529648439e-01 6.750503538537584802e+01
9.958714326473554479e-01 8.453814831878488437e-03 -9.038043990615372836e-02 -4.555478538667924404e+00 -7.446510902553260362e-03 9.999064148816984021e-01 1.147653870448630056e-02 -8.480262664545629159e-01 9.046899004654934684e-02 -1.075613890744568993e-02 9.958411851610650123e-01 6.830961186702256782e+01
9.957298226347989223e-01 1.102778034215966436e-02 -9.165429444548038596e-02 -4.642261100522584449e+00 -9.673399605600390208e-03 9.998375551981038001e-01 1.520817311550260592e-02 -8.627329116899711270e-01 9.180710576548321844e-02 -1.425662398363887994e-02 9.956747474530480702e-01 6.911832831524802145e+01
9.955653195822702362e-01 1.426399540747113302e-02 -9.298512919684535916e-02 -4.713476275689282957e+00 -1.272238109038005549e-02 9.997719678096465001e-01 1.715089951050153758e-02 -8.644353746881033862e-01 9.320855345090375832e-02 -1.589184971351471562e-02 9.955197704475716725e-01 6.987117461888512082e+01
9.953973598663599098e-01 1.613199343861608168e-02 -9.446616423435522103e-02 -4.787875212711244721e+00 -1.481650841304064069e-02 9.997834808599594947e-01 1.461035304118728229e-02 -8.875845855588421207e-01 9.468139193304267454e-02 -1.314344910977028290e-02 9.954208569257257944e-01 7.063318879108642534e+01
9.952192449480730119e-01 1.796365503513284306e-02 -9.599980764045974724e-02 -4.878565780555867093e+00 -1.737640379831397255e-02 9.998248654642504230e-01 6.949741311290028208e-03 -9.002467507248191891e-01 9.610782464442449435e-02 -5.248385212494679347e-03 9.953570912474960508e-01 7.135201055363555156e+01
9.950848675283465727e-01 1.655748806800943704e-02 -9.763174443461945795e-02 -4.958020020295983876e+00 -1.653346790857957230e-02 9.998627561703361533e-01 1.055071535992601088e-03 -9.114548079092071875e-01 9.763580134422697454e-02 5.643057354447815433e-04 9.952220508132646470e-01 7.209055866156644754e+01
9.950286098440549454e-01 1.856260832310795139e-02 -9.784424717211685774e-02 -5.027766875577087902e+00 -1.863753392997533065e-02 9.998262950422245332e-01 1.482001004374264394e-04 -9.130133104031207258e-01 9.782998902846783140e-02 1.676112370974959737e-03 9.952017295308822620e-01 7.277739985267673717e+01
9.949546255585065557e-01 1.967194923927470876e-02 -9.837839731998412884e-02 -5.104402702827752769e+00 -1.948830890818944658e-02 9.998060871763601032e-01 2.827321936223048133e-03 -9.401518463228399902e-01 9.841492624767723962e-02 -8.958284162916823213e-04 9.951450639622287930e-01 7.345568787856667825e+01
9.948422115780062303e-01 1.872777380772700298e-02 -9.969075255355519527e-02 -5.164942898171254626e+00 -1.825002237643045047e-02 9.998171942040666726e-01 5.702171652358509896e-03 -9.413318113539612675e-01 9.977930412728154563e-02 -3.853402809114031113e-03 9.950021307798163628e-01 7.410431888660195909e+01
9.947560701783053627e-01 1.739436908700262019e-02 -1.007859036769673672e-01 -5.228057629716516885e+00 -1.725375669926331942e-02 9.998485734451294515e-01 2.266708768077877866e-03 -9.603729806319167839e-01 1.008100564877280614e-01 -5.158867892305464900e-04 9.949055557439214770e-01 7.473233466351658194e+01
9.948605707066103809e-01 1.083601956894832304e-02 -1.006728716796811834e-01 -5.284910570218182002e+00 -1.113059869765394179e-02 9.999352564647008279e-01 -2.364867810382895869e-03 -9.758225112224566677e-01 1.006407145324647451e-01 3.473263451357703688e-03 9.949167711482815868e-01 7.534318995830915355e+01
9.949819887241905247e-01 7.152911640465591664e-03 -9.979819378923691919e-02 -5.345695877106566130e+00 -7.879288036824985686e-03 9.999452469512717379e-01 -6.886209012870622877e-03 -9.949050852596855732e-01 9.974345973434073365e-02 7.637993367491277032e-03 9.949838701348333592e-01 7.593509455386744378e+01
9.952886882511562394e-01 7.940226395550952984e-03 -9.663012611847364430e-02 -5.407187096211718114e+00 -8.713695176131731196e-03 9.999332667703720867e-01 -7.585082107796625728e-03 -1.005698118091973514e+00 9.656343748173443209e-02 8.391352659612183809e-03 9.952914579983034304e-01 7.651830545875755263e+01
9.956184983584192016e-01 1.312486702949724159e-02 -9.258263846154382581e-02 -5.485620891819467992e+00 -1.367320780726030520e-02 9.998925190911636118e-01 -5.290895595865288854e-03 -1.011043672256839221e+00 9.250323291450045227e-02 6.533615806463257715e-03 9.956909472772778047e-01 7.707344037878330312e+01
9.960442053817633035e-01 1.202381915329766085e-02 -8.804186462286821280e-02 -5.515118856703447037e+00 -1.227978395882971252e-02 9.999218007361980742e-01 -2.366275300474892512e-03 -1.022907653698087449e+00 8.800651636643762321e-02 3.438050243748522888e-03 9.961139652265097455e-01 7.763658008593051818e+01
9.965638386675009786e-01 8.408161800625806037e-03 -8.240036009630125058e-02 -5.561715059341149292e+00 -8.260673840926355954e-03 9.999636101510268604e-01 2.130637427690859186e-03 -1.042062815503655315e+00 8.241526526387193963e-02 -1.442633755996603016e-03 9.965970308085068119e-01 7.819326085181847930e+01
9.972391224967748213e-01 2.926156720709728078e-03 -7.419953524191882921e-02 -5.592475778831520472e+00 -2.542155308424472963e-03 9.999828865406417133e-01 5.269162598104074925e-03 -1.057024050162252982e+00 7.421367387722020703e-02 -5.065988692180070641e-03 9.972294949030320321e-01 7.872395593004941361e+01
9.979632785774386061e-01 5.393558779001442899e-03 -6.356260529238129398e-02 -5.628948610815158737e+00 -5.060893880694445658e-03 9.999726484592037501e-01 5.393484996286100966e-03 -1.068933737929458117e+00 6.358994831250630586e-02 -5.060816724990865184e-03 9.979632788620078632e-01 7.923024709225515494e+01
9.987595698989319981e-01 1.122782566661243396e-02 -4.851038965144909010e-02 -5.655385145641021793e+00 -1.098656706772263396e-02 9.999259314164035128e-01 5.237078163364811308e-03 -1.081196345240850176e+00 4.856559105318076358e-02 -4.697619618050380072e-03 9.988089483654818412e-01 7.972977965356095353e+01
9.994097456850969952e-01 1.652264986553887358e-02 -3.011913889126548172e-02 -5.663556486571827975e+00 -1.636270004221679342e-02 9.998507228684332393e-01 5.549229538006547439e-03 -1.075003299680920010e+00 3.020632673205164015e-02 -5.053124020062398775e-03 9.995309117705406532e-01 8.022982884531406000e+01
9.998447667569431152e-01 1.547364789386220657e-02 -8.426666684705931901e-03 -5.654950417316762845e+00 -1.542596882260506563e-02 9.998648018282894068e-01 5.693635101489421743e-03 -1.084351149867041952e+00 8.513627588639936447e-03 -5.562762197889279357e-03 9.999482855579570062e-01 8.070364993613569027e+01
9.997704405727271260e-01 1.170069018892446432e-02 1.794881811625149287e-02 -5.635389628193845368e+00 -1.181389991225486116e-02 9.999109019364551543e-01 6.214492382342684702e-03 -1.090160680006494243e+00 -1.787450265945934175e-02 -6.425111860423433734e-03 9.998195937610562245e-01 8.117761756703079357e+01
9.988372292574050348e-01 1.072974553561942095e-02 4.700066251708785725e-02 -5.594751876418315284e+00 -1.109958851454749020e-02 9.999094011443414587e-01 7.615024757860845879e-03 -1.099790091843182438e+00 -4.691469074082960100e-02 -8.127858943268954223e-03 9.988658315663249132e-01 8.163661578237270078e+01
9.967464694954023541e-01 9.612815454771495016e-03 8.002543407236283046e-02 -5.530319043391643596e+00 -1.036648223546358417e-02 9.999056939161852231e-01 9.007734993964941483e-03 -1.104129746036517812e+00 -7.993128677747854405e-02 -9.808011163508739694e-03 9.967521214276187091e-01 8.208018805915071425e+01
9.930204408059207788e-01 9.140712660983305038e-03 1.175876405876282726e-01 -5.455729021936682521e+00 -1.035073333789103198e-02 9.998995379053196020e-01 9.683820845949825049e-03 -1.114357729469974689e+00 -1.174872947146535784e-01 -1.083335134753413316e-02 9.930152931369344849e-01 8.252768590350326861e+01
9.872258053226142804e-01 9.195565007074297040e-03 1.590617932439123139e-01 -5.384125898669046784e+00 -1.089752943286938745e-02 9.998922909906686751e-01 9.831085207503090923e-03 -1.122969645752129653e+00 -1.589542371659534437e-01 -1.143888266770693406e-02 9.872196813794722470e-01 8.294910304920249189e+01
9.788884203796315298e-01 8.913653870472024870e-03 2.042009121703184105e-01 -5.272698058668684240e+00 -1.109090532777975285e-02 9.998931718701273841e-01 9.520327293967876386e-03 -1.128243607312764629e+00 -2.040942095092711517e-01 -1.158411227458094016e-02 9.788827083529850759e-01 8.336804637571464127e+01
9.674938120717639922e-01 9.189630388124184548e-03 2.527276844946230172e-01 -5.127231879235926826e+00 -1.158255653822596806e-02 9.999010591983760188e-01 7.982240233185501979e-03 -1.126299320563006079e+00 -2.526292917133642901e-01 -1.065000184788678951e-02 9.675045272524936957e-01 8.378523038871892936e+01
9.520854676775256653e-01 9.131911634579915893e-03 3.056957352214166868e-01 -4.988992346490360497e+00 -1.153338865861166899e-02 9.999151820843520388e-01 6.050582046076089654e-03 -1.143451519108575898e+00 -3.056145123983584067e-01 -9.286380034887534163e-03 9.521100361261486400e-01 8.414481717460320453e+01
9.325769147152855876e-01 9.100348643308766791e-03 3.608566180036819060e-01 -4.785484328105136242e+00 -1.129629831597426387e-02 9.999282876554945743e-01 3.976575120282374760e-03 -1.142696645562591096e+00 -3.607945035448162363e-01 -7.784807180873383470e-03 9.326128382494325297e-01 8.454659182861880140e+01
9.085499332942347239e-01 9.127501599397232906e-03 4.176765857099579704e-01 -4.602038400899895798e+00 -1.112585794705718729e-02 9.999353445709223687e-01 2.349876693703378903e-03 -1.152529944876874435e+00 -4.176280761644202144e-01 -6.781991683817344997e-03 9.085927425450704975e-01 8.487330467917131216e+01
8.798411532222222275e-01 9.020997314592819893e-03 4.751822769736557261e-01 -4.371663392676482296e+00 -1.038979498410230046e-02 9.999459922547009327e-01 2.543474909907483122e-04 -1.139208295541929372e+00 -4.751542552873787573e-01 -5.160832784742316881e-03 8.798873620428607767e-01 8.520143348161633412e+01
8.468157434888321511e-01 7.861859571100089650e-03 5.318282852365983082e-01 -4.071566813308976407e+00 -8.086801183304629520e-03 9.999654851840009684e-01 -1.905795040475570870e-03 -1.170645067500465819e+00 -5.318248410833072981e-01 -2.686933200946931694e-03 8.468500939334804301e-01 8.554040643780861330e+01
8.102761703683278860e-01 7.690523261488628817e-03 5.859978062214862282e-01 -3.831877463533432060e+00 -7.029661012907262481e-03 9.999695002632752461e-01 -3.403289343226434567e-03 -1.177954266650319770e+00 -5.860060279651411186e-01 -1.361762491155749620e-03 8.103055198572658435e-01 8.579421034147684111e+01
7.707509645885740612e-01 6.910379750932108510e-03 6.370990903277621298e-01 -3.514930370787143321e+00 -6.387342300889164125e-03 9.999747363141954226e-01 -3.119064684437386926e-03 -1.199978597892272791e+00 -6.371044633762786846e-01 -1.665348780232012117e-03 7.707756325466387226e-01 8.610998114132267744e+01
7.283646647471556657e-01 7.001512928280355895e-03 6.851539652723442897e-01 -3.243156073279262142e+00 -7.261806729485290740e-03 9.999705106362503093e-01 -2.498797931209414350e-03 -1.196134642309980789e+00 -6.851511640425146377e-01 -3.155420689764241744e-03 7.283940304514635589e-01 8.631811983224788776e+01
6.832594328642066506e-01 6.200681368484966052e-03 7.301494159748322943e-01 -2.941661480444395238e+00 -6.635740828855220784e-03 9.999753781630996707e-01 -2.282539140707392448e-03 -1.198841398555388071e+00 -7.301454937813134372e-01 -3.285517119404708728e-03 6.832837570282639383e-01 8.653529619606975132e+01
6.366368403809004040e-01 2.092772976922194737e-03 7.711609642052600355e-01 -2.594362896989263145e+00 -1.867525491978017224e-03 9.999975693290348300e-01 -1.172040121074305807e-03 -1.202020677379615821e+00 -7.711614392136345586e-01 -6.939999408468872089e-04 6.366392024511733361e-01 8.676662326374453471e+01
5.900112140023591190e-01 7.182246258636053532e-04 8.073947845588963501e-01 -2.290227411404692770e+00 1.917614490366601702e-03 9.999955373273792247e-01 -2.290868319774349085e-03 -1.238486141748366132e+00 -8.073927185555193065e-01 2.899909050194885134e-03 5.900072049774616190e-01 8.691220214881042239e+01
5.431449694127594707e-01 1.655088679343378949e-03 8.396373602122757518e-01 -1.936687174647757859e+00 1.588691215926309099e-03 9.999942413826441445e-01 -2.998876021586332260e-03 -1.232983441052046381e+00 -8.396373759225103095e-01 2.962747967967353357e-03 5.431392135554812262e-01 8.712010065639927348e+01
4.962116820853780808e-01 3.372835766631566631e-03 8.681950765268777737e-01 -1.627687920606598393e+00 -7.672216392174514366e-04 9.999937669751675084e-01 -3.446356406791853053e-03 -1.225057742100895908e+00 -8.682011726650337158e-01 1.044023076587667674e-03 4.962111782734823229e-01 8.725086128370175231e+01
4.505924310751227013e-01 7.234745309831183170e-03 8.927005241011543024e-01 -1.269160368508483572e+00 -2.424252319800293456e-03 9.999733906799359584e-01 -6.880473069702035607e-03 -1.243152885428874477e+00 -8.927264287540519483e-01 9.361565149464122796e-04 4.505979813822597047e-01 8.738883964282800321e+01
4.076132019179320443e-01 3.682830661897778558e-03 9.131473186577899748e-01 -8.869653162840993588e-01 4.695281573607640487e-03 9.999701950708078657e-01 -6.128889739796203676e-03 -1.225566770034577813e+00 -9.131425516315161417e-01 6.785699309502121919e-03 4.075837625629216698e-01 8.752050534199641163e+01
3.683922728923711420e-01 -3.576921243362400377e-03 9.296636242250133630e-01 -5.581459525300012103e-01 1.830303202340954200e-02 9.998266841921116255e-01 -3.405957844287372475e-03 -1.272719204230048806e+00 -9.294901913938310445e-01 1.827039167703703101e-02 3.683938946812060355e-01 8.757417156094703614e+01
3.331147287961053749e-01 -7.272955095974144649e-03 9.428583139789014078e-01 -1.890587763643275521e-01 2.431007289540936672e-02 9.997040814561495292e-01 -8.773765831032555914e-04 -1.275094062763051150e+00 -9.425727972609844185e-01 2.321322180088918746e-02 3.331929615514745424e-01 8.766863695825712455e+01
2.992174377029105936e-01 -4.141256110470882719e-03 9.541760301701598390e-01 1.973251432923854853e-01 2.141226338735081544e-02 9.997679090635529509e-01 -2.375482558441630553e-03 -1.290989525613723599e+00 -9.539446092166903313e-01 2.114185446499592183e-02 2.992366672438316333e-01 8.777318023872960850e+01
2.683863655512728208e-01 3.243850757330092680e-03 9.633059535800929662e-01 5.478567036442029137e-01 1.157399554643874506e-02 9.999112918274523087e-01 -6.591743188310803317e-03 -1.281115732386857387e+00 -9.632417539883945112e-01 1.291843229199799055e-02 2.683250147132597574e-01 8.785381342311849551e+01
2.401732426431261169e-01 8.513471641015058627e-03 9.706927733757744203e-01 9.317941418908362028e-01 5.662950219462593859e-03 9.999322378676749334e-01 -1.017106889262941495e-02 -1.280068064707060360e+00 -9.707134581551919439e-01 7.939802491658482300e-03 2.401087581765554702e-01 8.794687335463360967e+01
2.139115972898349149e-01 9.706300613365656180e-03 9.768048647909205462e-01 1.322813099310367058e+00 7.723331250558729960e-03 9.999025749160408427e-01 -1.162715776172469975e-02 -1.291586192147765377e+00 -9.768224252497796911e-01 1.003137060794198274e-02 2.138157935233883367e-01 8.803109528835389597e+01
1.906126993485602605e-01 1.039087913869273828e-02 9.816103898104652226e-01 1.723926249740507233e+00 1.516614256759033288e-02 9.997934642581265408e-01 -1.352837323132651849e-02 -1.306950142395320036e+00 -9.815480923051131956e-01 1.746592262012821445e-02 1.904157430393632888e-01 8.806660674915022469e+01
1.702880720105741652e-01 1.596135915862145760e-02 9.852651102565150865e-01 2.137114619223414724e+00 2.119351802279723085e-02 9.995781938761024721e-01 -1.985620787292589548e-02 -1.333674530316387496e+00 -9.851663194130413359e-01 2.426250952792344956e-02 1.698779677051953652e-01 8.812887945595474548e+01
1.504999313929080706e-01 2.328312217404331433e-02 9.883358729383691088e-01 2.570060321245786206e+00 2.311498299278945401e-02 9.993664494148819522e-01 -2.706283722122624150e-02 -1.315738693228111877e+00 -9.883396870354852481e-01 2.691832254030248825e-02 1.498663947141461728e-01 8.817695939303160912e+01
1.327172730412518320e-01 2.449678843672381187e-02 9.908512322070104350e-01 3.003183128406952562e+00 2.135683255619630003e-02 9.993917459927343927e-01 -2.756852496088536136e-02 -1.333084329110463040e+00 -9.909237504739941693e-01 2.482026361935780676e-02 1.321133750356383307e-01 8.824482315906205088e+01
1.170216653663567336e-01 2.019747485694591699e-02 9.929240272757955399e-01 3.442476238328091576e+00 1.993871576450758146e-02 9.995438827014800909e-01 -2.268201999669977945e-02 -1.344113108187945160e+00 -9.929291238875498360e-01 2.245191780537746790e-02 1.165655796625458263e-01 8.828601872946855167e+01
1.023517600942583927e-01 1.679224083350972993e-02 9.946065907617407387e-01 3.926547583115705287e+00 2.085343687772006280e-02 9.996015593007590017e-01 -1.902253112784330069e-02 -1.365343602103350928e+00 -9.945295966345527594e-01 2.268795539758535623e-02 1.019608046647436650e-01 8.830726892179005461e+01
8.912859410580242780e-02 1.484964307511355691e-02 9.959094912174539793e-01 4.413739345255682345e+00 2.167948304985659047e-02 9.996230483231199893e-01 -1.684521169500084736e-02 -1.383002955860536343e+00 -9.957840933725912169e-01 2.309219308378514940e-02 8.877306595932067668e-02 8.835655344139357226e+01
