1.000000 0.000000 -0.000000 0.000000 -0.000000 1.000000 -0.000000 0.000000 -0.000000 -0.000000 1.000000 0.000000
0.999995 -0.001541 -0.002786 -0.007754 0.001539 0.999998 -0.000968 -0.022852 0.002788 0.000963 0.999996 0.700672
0.999979 -0.000678 -0.006503 -0.015168 0.000667 0.999998 -0.001801 -0.030761 0.006504 0.001797 0.999977 1.427608
0.999942 -0.000814 -0.010747 -0.022183 0.000786 0.999996 -0.002573 -0.029074 0.010749 0.002565 0.999939 2.132165
0.999882 0.001126 -0.015338 -0.040050 -0.001177 0.999994 -0.003297 -0.033259 0.015334 0.003315 0.999877 2.870511
0.999800 -0.000149 -0.019984 -0.065456 0.000087 0.999995 -0.003094 -0.046586 0.019984 0.003091 0.999796 3.612524
0.999697 0.000770 -0.024616 -0.076996 -0.000872 0.999991 -0.004152 -0.061408 0.024613 0.004172 0.999688 4.375518
0.999562 0.003933 -0.029338 -0.125078 -0.004075 0.999980 -0.004805 -0.077523 0.029319 0.004922 0.999558 5.146408
0.999410 0.005334 -0.033925 -0.155005 -0.005478 0.999976 -0.004156 -0.080138 0.033902 0.004340 0.999416 5.950813
0.999246 0.006143 -0.038331 -0.206590 -0.006230 0.999978 -0.002128 -0.102048 0.038317 0.002365 0.999263 6.762325
0.999116 0.005128 -0.041725 -0.229761 -0.005119 0.999987 0.000343 -0.099407 0.041726 -0.000129 0.999129 7.566469
0.999009 0.005038 -0.044221 -0.273896 -0.005024 0.999987 0.000442 -0.115820 0.044223 -0.000219 0.999022 8.372878
0.998909 0.004373 -0.046488 -0.316383 -0.004381 0.999990 -0.000064 -0.118141 0.046487 0.000267 0.998919 9.203153
0.998837 0.003160 -0.048113 -0.348370 -0.003177 0.999995 -0.000278 -0.132548 0.048111 0.000430 0.998842 10.035340
0.998715 0.002879 -0.050594 -0.398299 -0.002871 0.999996 0.000233 -0.147044 0.050595 -0.000088 0.998719 10.881046
0.998647 -0.000031 -0.052007 -0.446334 0.000031 1.000000 -0.000012 -0.158903 0.052007 0.000011 0.998647 11.759217
0.998549 0.001679 -0.053822 -0.502209 -0.001774 0.999997 -0.001715 -0.165121 0.053819 0.001808 0.998549 12.607501
0.998465 0.003837 -0.055256 -0.556281 -0.004065 0.999984 -0.004011 -0.183022 0.055240 0.004230 0.998464 13.491860
0.998373 0.006891 -0.056605 -0.619948 -0.007222 0.999958 -0.005634 -0.193304 0.056564 0.006034 0.998381 14.376280
0.998294 0.007572 -0.057886 -0.680883 -0.007910 0.999953 -0.005616 -0.208445 0.057841 0.006064 0.998307 15.252445
0.998210 0.007878 -0.059283 -0.733795 -0.008150 0.999957 -0.004345 -0.227664 0.059246 0.004820 0.998232 16.168872
0.998148 0.007194 -0.060413 -0.801422 -0.007425 0.999966 -0.003599 -0.258783 0.060385 0.004040 0.998167 17.075937
0.998066 0.007513 -0.061706 -0.863739 -0.007723 0.999965 -0.003164 -0.274453 0.061680 0.003634 0.998089 17.986406
0.997988 0.007199 -0.062989 -0.918696 -0.007444 0.999966 -0.003653 -0.275336 0.062961 0.004115 0.998008 18.886344
0.997898 0.006992 -0.064428 -0.973235 -0.007254 0.999966 -0.003844 -0.295996 0.064399 0.004304 0.997915 19.796385
0.997874 0.006614 -0.064833 -1.039970 -0.006812 0.999973 -0.002831 -0.313417 0.064812 0.003267 0.997892 20.733905
0.997901 0.006862 -0.064401 -1.117193 -0.006850 0.999976 0.000407 -0.315756 0.064402 0.000035 0.997924 21.670396
0.997924 0.006898 -0.064031 -1.179147 -0.006640 0.999969 0.004244 -0.322892 0.064058 -0.003810 0.997939 22.614424
0.998035 0.007182 -0.062248 -1.225652 -0.006762 0.999953 0.006958 -0.334359 0.062295 -0.006523 0.998036 23.548691
0.998144 0.005518 -0.060655 -1.287561 -0.005056 0.999957 0.007773 -0.342583 0.060696 -0.007452 0.998128 24.497871
0.998232 0.006327 -0.059095 -1.341071 -0.005991 0.999965 0.005853 -0.351091 0.059130 -0.005488 0.998235 25.425691
0.998255 0.009029 -0.058351 -1.417932 -0.008989 0.999959 0.000952 -0.365914 0.058357 -0.000425 0.998296 26.392625
0.998309 0.008777 -0.057466 -1.467843 -0.008894 0.999959 -0.001784 -0.386211 0.057448 0.002292 0.998346 27.343378
0.998370 0.007316 -0.056604 -1.514404 -0.007391 0.999972 -0.001121 -0.402373 0.056595 0.001538 0.998396 28.302541
0.998403 0.003470 -0.056380 -1.575438 -0.003264 0.999988 0.003751 -0.402836 0.056392 -0.003561 0.998402 29.292350
0.998364 -0.000320 -0.057175 -1.639671 0.000720 0.999975 0.006985 -0.404282 0.057171 -0.007015 0.998340 30.261670
0.998251 -0.010599 -0.058168 -1.675553 0.011000 0.999918 0.006574 -0.424487 0.058093 -0.007202 0.998285 31.241347
0.998173 -0.010024 -0.059589 -1.737535 0.010230 0.999943 0.003140 -0.445040 0.059554 -0.003744 0.998218 32.234633
0.998097 -0.008986 -0.061010 -1.807834 0.008958 0.999960 -0.000733 -0.465805 0.061015 0.000185 0.998137 33.224766
0.997985 -0.006749 -0.063093 -1.863804 0.006643 0.999976 -0.001896 -0.474987 0.063104 0.001473 0.998006 34.211577
0.997900 -0.010538 -0.063908 -1.927004 0.010542 0.999944 -0.000269 -0.502198 0.063907 -0.000405 0.997956 35.217766
0.997853 -0.008805 -0.064898 -1.999857 0.008967 0.999957 0.002203 -0.492373 0.064876 -0.002780 0.997889 36.236444
0.997802 -0.005620 -0.066028 -2.077742 0.005860 0.999977 0.003443 -0.511135 0.066008 -0.003822 0.997812 37.244113
0.997719 -0.007280 -0.067116 -2.152338 0.007705 0.999952 0.006083 -0.510928 0.067069 -0.006586 0.997727 38.226049
0.997704 -0.006406 -0.067419 -2.214082 0.007029 0.999935 0.009007 -0.533403 0.067356 -0.009461 0.997684 39.247417
0.997690 -0.002832 -0.067870 -2.285167 0.003607 0.999930 0.011298 -0.528880 0.067833 -0.011517 0.997630 40.265908
0.997706 -0.002068 -0.067669 -2.370126 0.002829 0.999934 0.011157 -0.545185 0.067642 -0.011323 0.997645 41.255300
0.997707 -0.001121 -0.067671 -2.441353 0.001795 0.999949 0.009898 -0.549306 0.067656 -0.009997 0.997659 42.265119
0.997721 0.001894 -0.067444 -2.509963 -0.001385 0.999970 0.007599 -0.559744 0.067456 -0.007488 0.997694 43.259317
0.997670 0.001970 -0.068189 -2.578124 -0.001457 0.999970 0.007573 -0.576019 0.068202 -0.007456 0.997644 44.232425
0.997588 -0.000061 -0.069415 -2.656429 0.000660 0.999963 0.008609 -0.589118 0.069412 -0.008634 0.997551 45.230247
0.997528 -0.001471 -0.070259 -2.728161 0.002129 0.999955 0.009288 -0.581341 0.070242 -0.009415 0.997486 46.232906
0.997506 0.001209 -0.070572 -2.812251 -0.000693 0.999973 0.007329 -0.616786 0.070578 -0.007262 0.997480 47.207575
0.997440 0.004251 -0.071386 -2.891466 -0.004112 0.999989 0.002095 -0.616653 0.071394 -0.001796 0.997447 48.196084
0.997414 0.004908 -0.071697 -2.976154 -0.004854 0.999988 0.000929 -0.644672 0.071701 -0.000579 0.997426 49.161018
0.997395 0.004631 -0.071982 -3.020524 -0.004344 0.999982 0.004149 -0.652317 0.072000 -0.003826 0.997397 50.146632
0.997392 0.001913 -0.072150 -3.114642 -0.001356 0.999969 0.007775 -0.667462 0.072162 -0.007657 0.997363 51.119967
0.997373 0.001748 -0.072412 -3.178207 -0.001167 0.999967 0.008076 -0.667940 0.072424 -0.007971 0.997342 52.068213
0.997365 -0.000939 -0.072542 -3.256082 0.001475 0.999972 0.007326 -0.689856 0.072534 -0.007414 0.997338 53.052990
0.997338 -0.003981 -0.072804 -3.308515 0.004432 0.999972 0.006038 -0.703473 0.072778 -0.006345 0.997328 54.029933
0.997266 -0.004345 -0.073773 -3.383002 0.004876 0.999964 0.007012 -0.708276 0.073739 -0.007352 0.997250 54.972855
0.997184 -0.006199 -0.074732 -3.448773 0.007020 0.999918 0.010738 -0.731490 0.074659 -0.011232 0.997146 55.925354
0.997085 -0.009991 -0.075646 -3.519125 0.011202 0.999816 0.015601 -0.737138 0.075476 -0.016403 0.997013 56.879162
0.997054 -0.008957 -0.076179 -3.587247 0.010378 0.999779 0.018270 -0.718354 0.075999 -0.019007 0.996927 57.835925
0.996953 -0.009039 -0.077475 -3.684912 0.010222 0.999837 0.014888 -0.732306 0.077328 -0.015634 0.996883 58.780467
0.996834 -0.007651 -0.079143 -3.774828 0.008246 0.999940 0.007188 -0.737074 0.079083 -0.007818 0.996837 59.713138
0.996811 -0.005241 -0.079627 -3.834577 0.005441 0.999983 0.002290 -0.765782 0.079614 -0.002716 0.996822 60.600770
0.996733 -0.001510 -0.080756 -3.927657 0.001742 0.999995 0.002811 -0.769639 0.080751 -0.002943 0.996730 61.530284
0.996652 0.000762 -0.081754 -4.005463 -0.000365 0.999988 0.004867 -0.780658 0.081756 -0.004820 0.996641 62.405279
0.996571 0.002536 -0.082701 -4.079621 -0.001984 0.999975 0.006763 -0.795151 0.082716 -0.006576 0.996551 63.301936
0.996467 0.005154 -0.083830 -4.153492 -0.004641 0.999969 0.006318 -0.816742 0.083860 -0.005907 0.996460 64.183816
0.996375 0.003284 -0.085007 -4.248225 -0.002677 0.999970 0.007246 -0.814109 0.085028 -0.006992 0.996354 65.050934
0.996212 0.004210 -0.086852 -4.327861 -0.003565 0.999965 0.007577 -0.834028 0.086881 -0.007239 0.996192 65.875909
0.996099 0.005523 -0.088068 -4.403296 -0.004850 0.999957 0.007858 -0.846161 0.088108 -0.007400 0.996083 66.692142
0.996002 0.006329 -0.089106 -4.479239 -0.005576 0.999947 0.008701 -0.859875 0.089156 -0.008170 0.995984 67.505035
0.995871 0.008454 -0.090380 -4.555479 -0.007447 0.999906 0.011477 -0.848026 0.090469 -0.010756 0.995841 68.309612
0.995730 0.011028 -0.091654 -4.642261 -0.009673 0.999838 0.015208 -0.862733 0.091807 -0.014257 0.995675 69.118328
0.995565 0.014264 -0.092985 -4.713476 -0.012722 0.999772 0.017151 -0.864435 0.093209 -0.015892 0.995520 69.871175
0.995397 0.016132 -0.094466 -4.787875 -0.014817 0.999783 0.014610 -0.887585 0.094681 -0.013143 0.995421 70.633189
0.995219 0.017964 -0.096000 -4.878566 -0.017376 0.999825 0.006950 -0.900247 0.096108 -0.005248 0.995357 71.352011
0.995085 0.016557 -0.097632 -4.958020 -0.016533 0.999863 0.001055 -0.911455 0.097636 0.000564 0.995222 72.090559
0.995029 0.018563 -0.097844 -5.027767 -0.018638 0.999826 0.000148 -0.913013 0.097830 0.001676 0.995202 72.777400
0.994955 0.019672 -0.098378 -5.104403 -0.019488 0.999806 0.002827 -0.940152 0.098415 -0.000896 0.995145 73.455688
0.994842 0.018728 -0.099691 -5.164943 -0.018250 0.999817 0.005702 -0.941332 0.099779 -0.003853 0.995002 74.104319
0.994756 0.017394 -0.100786 -5.228058 -0.017254 0.999849 0.002267 -0.960373 0.100810 -0.000516 0.994906 74.732335
0.994861 0.010836 -0.100673 -5.284911 -0.011131 0.999935 -0.002365 -0.975823 0.100641 0.003473 0.994917 75.343190
0.994982 0.007153 -0.099798 -5.345696 -0.007879 0.999945 -0.006886 -0.994905 0.099743 0.007638 0.994984 75.935095
0.995289 0.007940 -0.096630 -5.407187 -0.008714 0.999933 -0.007585 -1.005698 0.096563 0.008391 0.995291 76.518305
0.995618 0.013125 -0.092583 -5.485621 -0.013673 0.999893 -0.005291 -1.011044 0.092503 0.006534 0.995691 77.073440
0.996044 0.012024 -0.088042 -5.515119 -0.012280 0.999922 -0.002366 -1.022908 0.088007 0.003438 0.996114 77.636580
0.996564 0.008408 -0.082400 -5.561715 -0.008261 0.999964 0.002131 -1.042063 0.082415 -0.001443 0.996597 78.193261
0.997239 0.002926 -0.074200 -5.592476 -0.002542 0.999983 0.005269 -1.057024 0.074214 -0.005066 0.997229 78.723956
0.997963 0.005394 -0.063563 -5.628949 -0.005061 0.999973 0.005393 -1.068934 0.063590 -0.005061 0.997963 79.230247
0.998760 0.011228 -0.048510 -5.655385 -0.010987 0.999926 0.005237 -1.081196 0.048566 -0.004698 0.998809 79.729780
0.999410 0.016523 -0.030119 -5.663556 -0.016363 0.999851 0.005549 -1.075003 0.030206 -0.005053 0.999531 80.229829
0.999845 0.015474 -0.008427 -5.654950 -0.015426 0.999865 0.005694 -1.084351 0.008514 -0.005563 0.999948 80.703650
0.999770 0.011701 0.017949 -5.635390 -0.011814 0.999911 0.006214 -1.090161 -0.017875 -0.006425 0.999820 81.177618
0.998837 0.010730 0.047001 -5.594752 -0.011100 0.999909 0.007615 -1.099790 -0.046915 -0.008128 0.998866 81.636616
0.996746 0.009613 0.080025 -5.530319 -0.010366 0.999906 0.009008 -1.104130 -0.079931 -0.009808 0.996752 82.080188
0.993020 0.009141 0.117588 -5.455729 -0.010351 0.999900 0.009684 -1.114358 -0.117487 -0.010833 0.993015 82.527686
0.987226 0.009196 0.159062 -5.384126 -0.010898 0.999892 0.009831 -1.122970 -0.158954 -0.011439 0.987220 82.949103
0.978888 0.008914 0.204201 -5.272698 -0.011091 0.999893 0.009520 -1.128244 -0.204094 -0.011584 0.978883 83.368046
0.967494 0.009190 0.252728 -5.127232 -0.011583 0.999901 0.007982 -1.126299 -0.252629 -0.010650 0.967505 83.785230
0.952085 0.009132 0.305696 -4.988992 -0.011533 0.999915 0.006051 -1.143452 -0.305615 -0.009286 0.952110 84.144817
0.932577 0.009100 0.360857 -4.785484 -0.011296 0.999928 0.003977 -1.142697 -0.360795 -0.007785 0.932613 84.546592
0.908550 0.009128 0.417677 -4.602038 -0.011126 0.999935 0.002350 -1.152530 -0.417628 -0.006782 0.908593 84.873305
0.879841 0.009021 0.475182 -4.371663 -0.010390 0.999946 0.000254 -1.139208 -0.475154 -0.005161 0.879887 85.201433
0.846816 0.007862 0.531828 -4.071567 -0.008087 0.999965 -0.001906 -1.170645 -0.531825 -0.002687 0.846850 85.540406
0.810276 0.007691 0.585998 -3.831877 -0.007030 0.999970 -0.003403 -1.177954 -0.586006 -0.001362 0.810306 85.794210
0.770751 0.006910 0.637099 -3.514930 -0.006387 0.999975 -0.003119 -1.199979 -0.637104 -0.001665 0.770776 86.109981
0.728365 0.007002 0.685154 -3.243156 -0.007262 0.999971 -0.002499 -1.196135 -0.685151 -0.003155 0.728394 86.318120
0.683259 0.006201 0.730149 -2.941661 -0.006636 0.999975 -0.002283 -1.198841 -0.730145 -0.003286 0.683284 86.535296
0.636637 0.002093 0.771161 -2.594363 -0.001868 0.999998 -0.001172 -1.202021 -0.771161 -0.000694 0.636639 86.766623
0.590011 0.000718 0.807395 -2.290227 0.001918 0.999996 -0.002291 -1.238486 -0.807393 0.002900 0.590007 86.912202
0.543145 0.001655 0.839637 -1.936687 0.001589 0.999994 -0.002999 -1.232983 -0.839637 0.002963 0.543139 87.120101
0.496212 0.003373 0.868195 -1.627688 -0.000767 0.999994 -0.003446 -1.225058 -0.868201 0.001044 0.496211 87.250861
0.450592 0.007235 0.892701 -1.269160 -0.002424 0.999973 -0.006880 -1.243153 -0.892726 0.000936 0.450598 87.388840
0.407613 0.003683 0.913147 -0.886965 0.004695 0.999970 -0.006129 -1.225567 -0.913143 0.006786 0.407584 87.520505
0.368392 -0.003577 0.929664 -0.558146 0.018303 0.999827 -0.003406 -1.272719 -0.929490 0.018270 0.368394 87.574172
0.333115 -0.007273 0.942858 -0.189059 0.024310 0.999704 -0.000877 -1.275094 -0.942573 0.023213 0.333193 87.668637
0.299217 -0.004141 0.954176 0.197325 0.021412 0.999768 -0.002375 -1.290990 -0.953945 0.021142 0.299237 87.773180
0.268386 0.003244 0.963306 0.547857 0.011574 0.999911 -0.006592 -1.281116 -0.963242 0.012918 0.268325 87.853813
0.240173 0.008513 0.970693 0.931794 0.005663 0.999932 -0.010171 -1.280068 -0.970713 0.007940 0.240109 87.946873
0.213912 0.009706 0.976805 1.322813 0.007723 0.999903 -0.011627 -1.291586 -0.976822 0.010031 0.213816 88.031095
0.190613 0.010391 0.981610 1.723926 0.015166 0.999793 -0.013528 -1.306950 -0.981548 0.017466 0.190416 88.066607
0.170288 0.015961 0.985265 2.137115 0.021194 0.999578 -0.019856 -1.333675 -0.985166 0.024263 0.169878 88.128879
0.150500 0.023283 0.988336 2.570060 0.023115 0.999366 -0.027063 -1.315739 -0.988340 0.026918 0.149866 88.176959
0.132717 0.024497 0.990851 3.003183 0.021357 0.999392 -0.027569 -1.333084 -0.990924 0.024820 0.132113 88.244823
0.117022 0.020197 0.992924 3.442476 0.019939 0.999544 -0.022682 -1.344113 -0.992929 0.022452 0.116566 88.286019
0.102352 0.016792 0.994607 3.926548 0.020853 0.999602 -0.019023 -1.365344 -0.994530 0.022688 0.101961 88.307269
0.089129 0.014850 0.995909 4.413739 0.021679 0.999623 -0.016845 -1.383003 -0.995784 0.023092 0.088773 88.356553
0.077241 0.013699 0.996918 4.904246 0.025492 0.999552 -0.015711 -1.401003 -0.996686 0.026627 0.076857 88.378460
0.066916 0.014184 0.997658 5.417727 0.027498 0.999493 -0.016055 -1.417458 -0.997380 0.028508 0.066493 88.408991
0.059506 0.014563 0.998122 5.946087 0.031425 0.999371 -0.016454 -1.430115 -0.997733 0.032345 0.059011 88.425514
0.053194 0.014794 0.998475 6.496627 0.032244 0.999343 -0.016525 -1.447160 -0.998063 0.033073 0.052683 88.470501
0.047788 0.015902 0.998731 7.042408 0.034902 0.999236 -0.017580 -1.460864 -0.998247 0.035698 0.047196 88.488217
0.041951 0.016709 0.998980 7.621390 0.034428 0.999242 -0.018159 -1.466493 -0.998526 0.035155 0.041344 88.500514
0.037748 0.016619 0.999149 8.258649 0.036774 0.999161 -0.018008 -1.483492 -0.998610 0.037422 0.037105 88.525762
0.034856 0.016539 0.999256 8.863389 0.037307 0.999145 -0.017839 -1.506629 -0.998696 0.037901 0.034209 88.530511
0.031366 0.016419 0.999373 9.508382 0.037705 0.999134 -0.017598 -1.520798 -0.998796 0.038233 0.030719 88.572575
0.028594 0.016050 0.999462 10.156921 0.040731 0.999022 -0.017208 -1.535963 -0.998761 0.041202 0.027912 88.574419
0.027993 0.015843 0.999483 10.854414 0.044049 0.998884 -0.017067 -1.560413 -0.998637 0.044504 0.027264 88.578082
0.028963 0.015429 0.999461 11.552619 0.046955 0.998756 -0.016779 -1.566543 -0.998477 0.047415 0.028203 88.598401
0.031183 0.015273 0.999397 12.247638 0.047788 0.998717 -0.016754 -1.598308 -0.998371 0.048281 0.030413 88.624299
0.035289 0.015291 0.999260 12.984243 0.050201 0.998594 -0.017054 -1.618840 -0.998115 0.050765 0.034472 88.640654
0.039017 0.014995 0.999126 13.722050 0.050949 0.998557 -0.016977 -1.643229 -0.997939 0.051567 0.038197 88.675264
0.043858 0.013067 0.998952 14.448654 0.053539 0.998447 -0.015411 -1.648035 -0.997602 0.054159 0.043090 88.726958
0.047684 0.011694 0.998794 15.240786 0.054642 0.998404 -0.014298 -1.666128 -0.997367 0.055258 0.046968 88.759322
0.051974 0.010251 0.998596 16.059048 0.050663 0.998633 -0.012889 -1.682708 -0.997362 0.051262 0.051384 88.802705
0.055830 0.008771 0.998402 16.847861 0.047350 0.998813 -0.011423 -1.703685 -0.997317 0.047912 0.055348 88.843286
0.059656 0.009696 0.998172 17.647904 0.047377 0.998798 -0.012534 -1.724947 -0.997094 0.048038 0.059125 88.911113
0.063047 0.013300 0.997922 18.453550 0.043405 0.998929 -0.016055 -1.748859 -0.997066 0.044327 0.062402 88.967174
0.064641 0.018410 0.997739 19.283476 0.040241 0.998968 -0.021040 -1.778880 -0.997097 0.041510 0.063834 89.042786
0.064614 0.021154 0.997686 20.087305 0.037492 0.999018 -0.023610 -1.817785 -0.997206 0.038931 0.063758 89.086056
0.064951 0.021360 0.997660 20.900496 0.036140 0.999065 -0.023743 -1.828938 -0.997234 0.037598 0.064118 89.149855
0.064515 0.019681 0.997723 21.729790 0.034527 0.999163 -0.021942 -1.866533 -0.997319 0.035864 0.063781 89.218837
0.064651 0.018206 0.997742 22.540606 0.034166 0.999207 -0.020447 -1.906837 -0.997323 0.035411 0.063978 89.273308
0.064856 0.017310 0.997745 23.377445 0.031095 0.999329 -0.019359 -1.937776 -0.997410 0.032281 0.064274 89.321162
0.065375 0.017809 0.997702 24.199007 0.030342 0.999343 -0.019826 -1.975360 -0.997399 0.031568 0.064791 89.380371
0.065325 0.018031 0.997701 25.020858 0.027986 0.999410 -0.019894 -2.000822 -0.997471 0.029221 0.064782 89.445844
0.063821 0.019582 0.997769 25.822375 0.026339 0.999426 -0.021300 -2.027941 -0.997614 0.027640 0.063268 89.514961
0.061536 0.019293 0.997918 26.638471 0.024127 0.999492 -0.020811 -2.063657 -0.997813 0.025357 0.061040 89.567879
0.057637 0.017913 0.998177 27.459408 0.022641 0.999558 -0.019245 -2.093981 -0.998081 0.023709 0.057206 89.612111
0.052789 0.016140 0.998475 28.271681 0.017139 0.999707 -0.017066 -2.122336 -0.998459 0.018013 0.052497 89.662437
0.046267 0.014488 0.998824 29.105826 0.016962 0.999739 -0.015287 -2.150906 -0.998785 0.017649 0.046010 89.726349
0.038744 0.014334 0.999146 29.929616 0.017257 0.999738 -0.015012 -2.183489 -0.999100 0.017824 0.038486 89.761581
0.030133 0.015085 0.999432 30.738784 0.017220 0.999730 -0.015609 -2.205592 -0.999397 0.017680 0.029865 89.782383
0.020157 0.014952 0.999685 31.534572 0.016861 0.999741 -0.015293 -2.231932 -0.999655 0.017163 0.019899 89.795877
0.009853 0.015040 0.999838 32.343896 0.018440 0.999714 -0.015219 -2.253368 -0.999781 0.018587 0.009573 89.803254
-0.000939 0.014198 0.999899 33.165269 0.017181 0.999752 -0.014180 -2.288942 -0.999852 0.017166 -0.001183 89.810929
-0.012241 0.013359 0.999836 33.942840 0.018276 0.999747 -0.013134 -2.313872 -0.999758 0.018112 -0.012482 89.785419
-0.023419 0.013434 0.999636 34.728797 0.018756 0.999740 -0.012996 -2.339949 -0.999550 0.018445 -0.023664 89.774617
-0.034236 0.013811 0.999318 35.509537 0.018242 0.999747 -0.013192 -2.368526 -0.999247 0.017777 -0.034479 89.737449
-0.044522 0.014419 0.998904 36.288062 0.017084 0.999761 -0.013669 -2.390888 -0.998862 0.016457 -0.044758 89.714531
-0.054829 0.014896 0.998385 37.045237 0.017559 0.999748 -0.013952 -2.420101 -0.998341 0.016766 -0.055077 89.662735
-0.064804 0.015802 0.997773 37.811820 0.018653 0.999719 -0.014621 -2.433677 -0.997724 0.017664 -0.065081 89.616486
-0.074043 0.016435 0.997120 38.537080 0.019812 0.999691 -0.015006 -2.462003 -0.997058 0.018644 -0.074346 89.562545
-0.083344 0.016835 0.996379 39.298305 0.021380 0.999657 -0.015102 -2.484525 -0.996291 0.020044 -0.083676 89.474193
-0.091963 0.016356 0.995628 40.056112 0.021074 0.999673 -0.014476 -2.506057 -0.995539 0.019651 -0.092278 89.398643
-0.099941 0.015593 0.994871 40.786522 0.022948 0.999647 -0.013362 -2.535761 -0.994729 0.021495 -0.100264 89.321724
-0.104853 0.013825 0.994392 41.504149 0.024483 0.999636 -0.011317 -2.554423 -0.994186 0.023159 -0.105153 89.252628
-0.108827 0.012288 0.993985 42.228471 0.027740 0.999572 -0.009320 -2.582951 -0.993674 0.026559 -0.109121 89.169802
-0.111747 0.011003 0.993676 42.950072 0.030221 0.999514 -0.007669 -2.608591 -0.993277 0.029173 -0.112026 89.090278
-0.113379 0.010883 0.993492 43.633953 0.030693 0.999501 -0.007446 -2.623736 -0.993078 0.029649 -0.113656 89.013741
-0.113738 0.010920 0.993451 44.275379 0.031728 0.999469 -0.007354 -2.642758 -0.993004 0.030683 -0.114024 88.937674
-0.113112 0.011146 0.993520 44.931222 0.031717 0.999468 -0.007601 -2.668633 -0.993076 0.030652 -0.113405 88.865042
-0.110855 0.012449 0.993759 45.577039 0.032323 0.999438 -0.008915 -2.694138 -0.993311 0.031133 -0.111195 88.794234
-0.105386 0.013071 0.994346 46.189906 0.032133 0.999436 -0.009733 -2.711358 -0.993912 0.030925 -0.105747 88.730143
-0.097385 0.013897 0.995150 46.800420 0.031957 0.999431 -0.010829 -2.721938 -0.994733 0.030748 -0.097774 88.676081
-0.086117 0.013674 0.996191 47.364832 0.029946 0.999490 -0.011130 -2.746453 -0.995835 0.028873 -0.086482 88.640832
-0.073092 0.014030 0.997227 47.939079 0.030290 0.999471 -0.011841 -2.768667 -0.996865 0.029341 -0.073478 88.604421
-0.056443 0.015225 0.998290 48.494839 0.029005 0.999487 -0.013603 -2.789919 -0.997984 0.028188 -0.056856 88.593588
-0.035108 0.017178 0.999236 49.042583 0.028217 0.999471 -0.016191 -2.812121 -0.998985 0.027627 -0.035574 88.590840
-0.010015 0.020690 0.999736 49.579133 0.025481 0.999467 -0.020429 -2.836379 -0.999625 0.025269 -0.010537 88.600293
0.018038 0.022512 0.999584 50.105734 0.023462 0.999462 -0.022932 -2.845936 -0.999562 0.023866 0.017500 88.629834
0.051143 0.022494 0.998438 50.633280 0.021861 0.999482 -0.023637 -2.872082 -0.998452 0.023036 0.050624 88.673672
0.088573 0.020842 0.995852 51.153233 0.021179 0.999516 -0.022803 -2.892125 -0.995844 0.023111 0.088089 88.755686
0.131210 0.017229 0.991205 51.659743 0.020927 0.999578 -0.020145 -2.915866 -0.991134 0.023387 0.130794 88.868594
0.175356 0.013006 0.984419 52.155607 0.017261 0.999718 -0.016283 -2.921802 -0.984354 0.019847 0.175082 88.991503
0.223093 0.009717 0.974749 52.639236 0.011964 0.999848 -0.012705 -2.950147 -0.974724 0.014496 0.222943 89.146581
0.274316 0.008549 0.961602 53.096789 0.009540 0.999887 -0.011611 -2.963024 -0.961592 0.012359 0.274203 89.300886
0.327776 0.007870 0.944723 53.557441 0.008692 0.999898 -0.011345 -2.990698 -0.944715 0.011930 0.327675 89.522747
0.385557 0.008211 0.922648 53.994018 0.009265 0.999876 -0.012769 -3.013866 -0.922638 0.013472 0.385433 89.744592
0.445274 0.011204 0.895324 54.396752 0.010226 0.999793 -0.017597 -3.022944 -0.895336 0.016991 0.445067 89.954474
0.504374 0.014444 0.863365 54.809924 0.011533 0.999658 -0.023462 -3.046958 -0.863408 0.021790 0.504035 90.287620
0.562677 0.018606 0.826467 55.161654 0.006909 0.999606 -0.027208 -3.059096 -0.826648 0.021020 0.562327 90.539660
0.617393 0.021455 0.786362 55.497726 0.002742 0.999563 -0.029425 -3.067812 -0.786650 0.020324 0.617064 90.911684
0.670413 0.023248 0.741624 55.815141 0.001142 0.999476 -0.032364 -3.086952 -0.741987 0.022544 0.670035 91.238020
0.719864 0.021903 0.693769 56.096600 0.000049 0.999500 -0.031607 -3.105298 -0.694115 0.022787 0.719503 91.591743
0.765169 0.018993 0.643549 56.388086 -0.001920 0.999628 -0.027219 -3.145144 -0.643826 0.019592 0.764921 92.009773
0.806479 0.013724 0.591103 56.599698 -0.001833 0.999784 -0.020711 -3.160071 -0.591260 0.015619 0.806330 92.396263
0.843658 0.011063 0.536767 56.822558 -0.004194 0.999893 -0.014017 -3.170303 -0.536864 0.009575 0.843614 92.804382
0.875444 0.008578 0.483243 57.018895 -0.005567 0.999955 -0.007665 -3.175593 -0.483287 0.004020 0.875453 93.257279
0.901362 0.008874 0.432976 57.188018 -0.009064 0.999958 -0.001626 -3.186831 -0.432972 -0.002459 0.901404 93.696201
0.921951 0.010345 0.387168 57.314864 -0.011892 0.999928 0.001601 -3.215028 -0.387123 -0.006081 0.922008 94.104246
0.937746 0.015365 0.346982 57.455423 -0.018246 0.999821 0.005037 -3.205924 -0.346842 -0.011055 0.937858 94.589203
0.949979 0.020869 0.311615 57.573048 -0.022978 0.999731 0.003097 -3.225945 -0.311466 -0.010102 0.950204 95.048219
0.959553 0.023308 0.280561 57.662882 -0.025057 0.999682 0.002651 -3.203057 -0.280410 -0.009574 0.959832 95.537793
0.965956 0.018632 0.258036 57.796413 -0.020242 0.999789 0.003584 -3.233588 -0.257915 -0.008685 0.966129 96.016100
0.970060 0.014749 0.242418 57.895093 -0.016291 0.999858 0.004357 -3.240034 -0.242320 -0.008176 0.970162 96.478160
0.973142 0.018665 0.229449 58.014672 -0.020132 0.999789 0.004055 -3.245109 -0.229325 -0.008566 0.973312 97.000952
0.975204 0.023206 0.220088 58.092045 -0.024722 0.999686 0.004134 -3.235880 -0.219923 -0.009473 0.975471 97.507470
0.976457 0.029536 0.213680 58.202428 -0.030866 0.999519 0.002890 -3.236167 -0.213492 -0.009417 0.976899 98.012430
0.976738 0.037244 0.211176 58.286020 -0.037940 0.999280 -0.000755 -3.239259 -0.211052 -0.007275 0.977448 98.541197
0.976885 0.038983 0.210182 58.398885 -0.039156 0.999228 -0.003338 -3.254494 -0.210150 -0.004969 0.977657 99.064211
0.976494 0.036336 0.212458 58.508367 -0.035756 0.999339 -0.006571 -3.268121 -0.212556 -0.001181 0.977148 99.626084
0.975615 0.037118 0.216326 58.646551 -0.035171 0.999299 -0.012845 -3.279776 -0.216651 0.004923 0.976237 100.171926
0.974631 0.039290 0.220342 58.781981 -0.036273 0.999185 -0.017726 -3.294960 -0.220859 0.009284 0.975262 100.741563
0.973536 0.042184 0.224606 58.904368 -0.039224 0.999075 -0.017629 -3.307619 -0.225141 0.008353 0.974290 101.304999
0.972173 0.044658 0.229970 59.039295 -0.042540 0.998994 -0.014161 -3.303317 -0.230371 0.003984 0.973095 101.913489
0.971119 0.042464 0.234786 59.168284 -0.041415 0.999098 -0.009399 -3.330102 -0.234973 -0.000596 0.972002 102.530861
0.970354 0.037525 0.238759 59.324075 -0.037680 0.999282 -0.003919 -3.347724 -0.238735 -0.005194 0.971071 103.120558
0.969510 0.034840 0.242561 59.496610 -0.036102 0.999348 0.000759 -3.351469 -0.242377 -0.009493 0.970136 103.749206
0.968810 0.032986 0.245599 59.651332 -0.034351 0.999409 0.001276 -3.357338 -0.245411 -0.009672 0.969371 104.397236
0.968750 0.028372 0.246412 59.808485 -0.028897 0.999581 -0.001485 -3.361345 -0.246351 -0.005682 0.969164 105.040476
0.968966 0.026306 0.245790 59.979048 -0.025171 0.999653 -0.007759 -3.387096 -0.245909 0.001331 0.969292 105.665496
0.969109 0.031164 0.244655 60.153013 -0.028370 0.999486 -0.014936 -3.399366 -0.244994 0.007534 0.969495 106.356618
0.969683 0.033962 0.241995 60.317160 -0.030381 0.999367 -0.018514 -3.416175 -0.242471 0.010601 0.970101 107.001489
0.970245 0.032429 0.239942 60.485243 -0.029837 0.999451 -0.014429 -3.423893 -0.240278 0.006840 0.970680 107.727406
0.970680 0.028543 0.238674 60.657541 -0.027645 0.999593 -0.007110 -3.442608 -0.238779 0.000303 0.971074 108.425434
0.971373 0.025666 0.236168 60.821366 -0.026035 0.999660 -0.001556 -3.451927 -0.236127 -0.004638 0.971711 109.143103
0.971753 0.028478 0.234276 60.981735 -0.028846 0.999582 -0.001857 -3.469296 -0.234230 -0.004953 0.972168 109.872225
0.971998 0.034461 0.232451 61.136595 -0.033933 0.999404 -0.006268 -3.464200 -0.232528 -0.001796 0.972588 110.599110
0.972942 0.036543 0.228141 61.309829 -0.034882 0.999327 -0.011307 -3.493338 -0.228401 0.003043 0.973562 111.354112
0.973846 0.036761 0.224217 61.487916 -0.034385 0.999304 -0.014493 -3.506032 -0.224594 0.006405 0.974431 112.138111
0.974840 0.035130 0.220121 61.669321 -0.032915 0.999364 -0.013723 -3.528206 -0.220463 0.006132 0.975376 112.899105
0.975641 0.031360 0.217122 61.819919 -0.029696 0.999499 -0.010926 -3.549432 -0.217356 0.004212 0.976083 113.687888
0.976059 0.029440 0.215506 61.991809 -0.028314 0.999565 -0.008309 -3.571750 -0.215656 0.002009 0.976467 114.494881
0.976318 0.028089 0.214508 62.165846 -0.027360 0.999605 -0.006366 -3.573750 -0.214602 0.000346 0.976701 115.258009
0.976603 0.025082 0.213583 62.352297 -0.024590 0.999685 -0.004961 -3.596845 -0.213640 -0.000407 0.976912 116.088483
0.976708 0.023467 0.213287 62.522533 -0.023242 0.999724 -0.003561 -3.608820 -0.213312 -0.001479 0.976983 116.902877
0.976664 0.026852 0.213086 62.689665 -0.026369 0.999639 -0.005110 -3.627329 -0.213147 -0.000628 0.977020 117.716147
0.976303 0.032461 0.213958 62.861236 -0.031482 0.999472 -0.007984 -3.645969 -0.214104 0.001059 0.976810 118.523286
0.975844 0.039457 0.214874 63.015049 -0.038192 0.999220 -0.010038 -3.670042 -0.215102 0.001589 0.976590 119.352477
0.975051 0.044571 0.217459 63.200777 -0.043595 0.999006 -0.009286 -3.687068 -0.217657 -0.000426 0.976025 120.204112
0.974381 0.044918 0.220370 63.363618 -0.044223 0.998989 -0.008088 -3.701916 -0.220511 -0.001864 0.975383 121.044139
0.973691 0.045868 0.223208 63.553075 -0.045072 0.998946 -0.008663 -3.723804 -0.223370 -0.001625 0.974732 121.891698
0.973413 0.044371 0.224719 63.748515 -0.043031 0.999015 -0.010859 -3.735445 -0.224979 0.000901 0.974363 122.715411
0.973271 0.038337 0.226438 63.930314 -0.036883 0.999263 -0.010653 -3.771918 -0.226680 0.002017 0.973967 123.576840
0.973448 0.033131 0.226499 64.157022 -0.031468 0.999445 -0.010949 -3.791053 -0.226736 0.003531 0.973950 124.392862
0.973197 0.031103 0.227859 64.335962 -0.029409 0.999509 -0.010828 -3.838655 -0.228084 0.003837 0.973634 125.256579
0.972794 0.033591 0.229225 64.535195 -0.032352 0.999435 -0.009164 -3.843132 -0.229403 0.001499 0.973330 126.109720
0.972246 0.035526 0.231246 64.714616 -0.035692 0.999357 -0.003467 -3.849539 -0.231221 -0.004883 0.972889 126.915135
0.971937 0.038369 0.232092 64.904882 -0.039536 0.999218 0.000378 -3.849787 -0.231896 -0.009543 0.972694 127.783390
0.971719 0.037922 0.233075 65.111624 -0.037751 0.999274 -0.005196 -3.880245 -0.233102 -0.003750 0.972445 128.590377
0.971751 0.036195 0.233216 65.301498 -0.032806 0.999292 -0.018395 -3.922117 -0.233717 0.010224 0.972251 129.400500
0.972112 0.032480 0.232255 65.493586 -0.026875 0.999267 -0.027256 -3.977894 -0.232971 0.020254 0.972273 130.216385
0.972228 0.031396 0.231922 65.691329 -0.027846 0.999440 -0.018566 -3.992801 -0.232374 0.011592 0.972557 131.038929
0.972627 0.025578 0.230961 65.898081 -0.026246 0.999656 -0.000180 -3.978271 -0.230886 -0.005886 0.972963 131.898812
0.972952 0.018480 0.230266 66.091846 -0.022342 0.999650 0.014176 -3.971938 -0.229923 -0.018937 0.973024 132.734187
0.973061 0.022414 0.229454 66.268228 -0.025515 0.999619 0.010558 -3.999109 -0.229130 -0.016129 0.973262 133.546628
0.973042 0.033058 0.228246 66.439651 -0.033231 0.999443 -0.003085 -4.051086 -0.228220 -0.004583 0.973599 134.336934
0.973421 0.034299 0.226442 66.635211 -0.032134 0.999396 -0.013244 -4.053150 -0.226759 0.005616 0.973935 135.137020
0.973960 0.031138 0.224572 66.817832 -0.028931 0.999495 -0.013111 -4.078462 -0.224867 0.006272 0.974369 135.964850
0.974662 0.028974 0.221797 66.998116 -0.027077 0.999566 -0.011589 -4.102115 -0.222037 0.005289 0.975024 136.753031
0.975560 0.027175 0.218045 67.156040 -0.025101 0.999610 -0.012278 -4.135119 -0.218294 0.006505 0.975861 137.563253
0.976643 0.028899 0.212916 67.345979 -0.026641 0.999554 -0.013465 -4.159332 -0.213211 0.007478 0.976978 138.392574
0.977202 0.033861 0.209595 67.503171 -0.031679 0.999403 -0.013760 -4.178584 -0.209936 0.006806 0.977691 139.196661
0.977491 0.038350 0.207463 67.646040 -0.036145 0.999243 -0.014411 -4.203052 -0.207859 0.006588 0.978137 139.989013
0.977734 0.039668 0.206064 67.812921 -0.037838 0.999202 -0.012817 -4.236445 -0.206408 0.004735 0.978455 140.813908
0.977991 0.039904 0.204794 67.983914 -0.038932 0.999203 -0.008778 -4.243135 -0.204981 0.000611 0.978766 141.610000
0.978288 0.039553 0.203442 68.138745 -0.038762 0.999217 -0.007871 -4.269534 -0.203594 -0.000185 0.979055 142.410586
0.978889 0.038885 0.200660 68.309923 -0.037574 0.999240 -0.010341 -4.292638 -0.200910 0.002583 0.979606 143.199690
0.979944 0.034070 0.196338 68.465731 -0.031829 0.999387 -0.014561 -4.323439 -0.196714 0.008020 0.980428 143.995227
0.981183 0.033267 0.190190 68.608235 -0.030818 0.999400 -0.015821 -4.346387 -0.190602 0.009662 0.981620 144.769399
0.982491 0.031360 0.183654 68.752613 -0.029801 0.999493 -0.011244 -4.355980 -0.183914 0.005574 0.982927 145.564278
0.983671 0.026966 0.177942 68.872952 -0.027038 0.999632 -0.002024 -4.385659 -0.177931 -0.002820 0.984039 146.360973
0.984371 0.027597 0.173933 69.028924 -0.029127 0.999556 0.006250 -4.384377 -0.173684 -0.011218 0.984738 147.172049
0.984963 0.030398 0.170069 69.142335 -0.032400 0.999434 0.009005 -4.380498 -0.169699 -0.014380 0.985391 147.952772
0.985668 0.034103 0.165216 69.279599 -0.035457 0.999357 0.005253 -4.397126 -0.164930 -0.011036 0.986243 148.754072
0.986825 0.034868 0.157990 69.385984 -0.034633 0.999391 -0.004242 -4.441347 -0.158042 -0.001286 0.987432 149.546619
0.987928 0.033166 0.151319 69.514921 -0.032117 0.999440 -0.009371 -4.445269 -0.151545 0.004398 0.988441 150.322455
0.988927 0.032783 0.144733 69.632557 -0.031836 0.999454 -0.008853 -4.469762 -0.144944 0.004147 0.989431 151.149888
0.989854 0.037633 0.137013 69.737789 -0.037227 0.999292 -0.005523 -4.471015 -0.137124 0.000367 0.990554 151.975149
0.990647 0.043179 0.129434 69.830688 -0.042678 0.999067 -0.006638 -4.497541 -0.129600 0.001052 0.991566 152.775537
0.991764 0.046360 0.119391 69.893740 -0.045274 0.998905 -0.011794 -4.520473 -0.119807 0.006291 0.992777 153.582259
0.992757 0.045896 0.111026 69.984249 -0.044601 0.998905 -0.014119 -4.548191 -0.111553 0.009065 0.993717 154.408435
0.993627 0.045835 0.102977 70.065279 -0.044843 0.998923 -0.011931 -4.565089 -0.103413 0.007237 0.994612 155.227297
0.994326 0.046999 0.095434 70.115860 -0.046764 0.998895 -0.004695 -4.575269 -0.095549 0.000206 0.995425 156.078801
0.994915 0.049251 0.087853 70.171234 -0.049549 0.998771 0.001215 -4.594428 -0.087685 -0.005562 0.996133 156.901247
0.995604 0.049252 0.079668 70.241789 -0.049737 0.998754 0.004117 -4.607025 -0.079366 -0.008062 0.996813 157.726286
0.996074 0.049430 0.073434 70.297436 -0.050047 0.998725 0.006589 -4.611568 -0.073014 -0.010238 0.997278 158.558056
0.996355 0.049476 0.069496 70.351068 -0.049937 0.998740 0.004914 -4.624443 -0.069165 -0.008366 0.997570 159.382680
0.996462 0.053763 0.064592 70.392005 -0.053906 0.998546 0.000475 -4.646315 -0.064472 -0.003956 0.997912 160.213330
0.996413 0.059071 0.060587 70.413909 -0.058806 0.998251 -0.006143 -4.642736 -0.060844 0.002558 0.998144 161.034704
0.996456 0.061242 0.057656 70.451873 -0.060839 0.998110 -0.008717 -4.661280 -0.058081 0.005178 0.998298 161.863327
0.996584 0.062058 0.054495 70.490710 -0.061967 0.998073 -0.003360 -4.689467 -0.054598 -0.000029 0.998508 162.691672
0.996639 0.062882 0.052508 70.525874 -0.063267 0.997980 0.005706 -4.670840 -0.052043 -0.009009 0.998604 163.514731
0.996700 0.064392 0.049425 70.558018 -0.065138 0.997783 0.013626 -4.684898 -0.048438 -0.016800 0.998685 164.356580
0.997167 0.060651 0.044502 70.597286 -0.061196 0.998065 0.011001 -4.686300 -0.043749 -0.013693 0.998949 165.154307
0.997834 0.052876 0.039121 70.612745 -0.053017 0.998590 0.002584 -4.731943 -0.038929 -0.004652 0.999231 165.957717
0.998114 0.052521 0.031781 70.635691 -0.052460 0.998619 -0.002763 -4.728566 -0.031883 0.001090 0.999491 166.771200
0.998279 0.053143 0.024799 70.665678 -0.053118 0.998587 -0.001683 -4.735536 -0.024853 0.000363 0.999691 167.621313
0.998521 0.051388 0.017725 70.660815 -0.051480 0.998663 0.004763 -4.745774 -0.017457 -0.005668 0.999832 168.434021
0.998729 0.049412 0.009960 70.676466 -0.049501 0.998735 0.008806 -4.776075 -0.009513 -0.009287 0.999912 169.283583
0.999204 0.039721 0.003804 70.684260 -0.039765 0.999135 0.012148 -4.752525 -0.003318 -0.012289 0.999919 170.109520
0.999468 0.032553 -0.001886 70.673644 -0.032526 0.999389 0.012790 -4.768865 0.002302 -0.012722 0.999916 170.949345
0.999634 0.025697 -0.008430 70.671862 -0.025644 0.999652 0.006259 -4.794019 0.008588 -0.006040 0.999945 171.774139
0.999636 0.021628 -0.016105 70.666739 -0.021690 0.999758 -0.003671 -4.788675 0.016022 0.004019 0.999864 172.605547
0.999562 0.019271 -0.022450 70.666764 -0.019438 0.999785 -0.007255 -4.814588 0.022305 0.007688 0.999722 173.456755
0.999373 0.020170 -0.029107 70.623360 -0.020190 0.999796 -0.000409 -4.825926 0.029093 0.000996 0.999576 174.318358
0.999106 0.024855 -0.034211 70.590444 -0.024445 0.999625 0.012356 -4.800668 0.034505 -0.011509 0.999338 175.166981
0.998854 0.028379 -0.038543 70.536290 -0.027644 0.999428 0.019473 -4.812830 0.039073 -0.018386 0.999067 176.042746
0.998754 0.026565 -0.042255 70.489794 -0.025827 0.999506 0.017933 -4.812310 0.042711 -0.016820 0.998946 176.881489
0.998629 0.028102 -0.044155 70.448379 -0.027792 0.999585 0.007618 -4.846235 0.044350 -0.006380 0.998996 177.739160
0.998045 0.040451 -0.047654 70.382580 -0.040594 0.999174 -0.002041 -4.832805 0.047532 0.003971 0.998862 178.557500
0.997904 0.041006 -0.050062 70.334880 -0.041320 0.999132 -0.005248 -4.858971 0.049804 0.007305 0.998732 179.391763
0.998109 0.032761 -0.052020 70.275318 -0.032855 0.999460 -0.000941 -4.877786 0.051961 0.002649 0.998646 180.258067
0.998164 0.030838 -0.052126 70.247811 -0.030499 0.999508 0.007292 -4.864629 0.052325 -0.005689 0.998614 181.100342
0.998102 0.033814 -0.051466 70.185687 -0.033160 0.999359 0.013510 -4.864317 0.051890 -0.011777 0.998583 181.952873
0.998041 0.032924 -0.053199 70.134955 -0.032290 0.999397 0.012734 -4.873471 0.053586 -0.010992 0.998503 182.798023
0.997993 0.030588 -0.055442 70.082350 -0.030406 0.999529 0.004115 -4.888050 0.055541 -0.002421 0.998453 183.638285
0.997997 0.025439 -0.057916 70.050810 -0.025852 0.999645 -0.006385 -4.913368 0.057733 0.007869 0.998301 184.501630
0.998068 0.014416 -0.060432 70.008611 -0.015132 0.999820 -0.011407 -4.934339 0.060257 0.012300 0.998107 185.341374
0.997985 0.018618 -0.060663 69.924098 -0.019053 0.999797 -0.006599 -4.945265 0.060528 0.007741 0.998136 186.205264
0.997803 0.022005 -0.062493 69.880314 -0.021840 0.999756 0.003314 -4.944059 0.062551 -0.001942 0.998040 187.092345
0.997730 0.021167 -0.063921 69.812200 -0.020765 0.999760 0.006941 -4.961900 0.064053 -0.005598 0.997931 187.941341
0.997676 0.022525 -0.064310 69.748994 -0.022313 0.999743 0.004013 -4.986833 0.064384 -0.002569 0.997922 188.767777
0.997660 0.021889 -0.064779 69.706934 -0.022032 0.999756 -0.001502 -5.016688 0.064730 0.002926 0.997898 189.589940
0.997552 0.025311 -0.065182 69.623080 -0.025551 0.999669 -0.002856 -5.008900 0.065088 0.004515 0.997869 190.449289
0.997496 0.026547 -0.065549 69.565595 -0.026637 0.999645 -0.000500 -5.030065 0.065512 0.002245 0.997849 191.275229
0.997389 0.028762 -0.066248 69.488412 -0.028606 0.999585 0.003293 -5.051657 0.066316 -0.001389 0.997798 192.128308
0.997229 0.033610 -0.066375 69.442658 -0.033305 0.999429 0.005695 -5.046501 0.066529 -0.003469 0.997778 192.979954
0.997140 0.034840 -0.067072 69.371855 -0.034512 0.999386 0.006039 -5.071085 0.067241 -0.003707 0.997730 193.794564
0.997114 0.034920 -0.067406 69.322144 -0.034832 0.999390 0.002472 -5.087911 0.067451 -0.000117 0.997723 194.627243
0.996945 0.037769 -0.068370 69.249797 -0.038041 0.999273 -0.002678 -5.095384 0.068219 0.005271 0.997656 195.424711
0.996800 0.039649 -0.069417 69.167362 -0.039890 0.999202 -0.002088 -5.124663 0.069279 0.004851 0.997586 196.230111
0.996541 0.041847 -0.071804 69.112477 -0.041495 0.999118 0.006389 -5.106819 0.072008 -0.003388 0.997398 197.050347
0.996526 0.040463 -0.072791 69.068097 -0.039462 0.999106 0.015139 -5.091664 0.073338 -0.012214 0.997232 197.839937
0.996742 0.032278 -0.073910 69.017348 -0.031139 0.999379 0.016515 -5.105624 0.074397 -0.014160 0.997128 198.591869
